router00=[         0          0          0          0          0          0          0          0          0          0          0          0 
      4973       4747       4737       4698       4567       4793       4908       5073       4999       4796       4615       5075 
         0          0          0          0          0          0          0          0          0          0          0          0 
      4627       4668       4575       4622       4584       4587       4606       4569       4631       4648       4598       4597 
      5861       5617       5675       5752       5805       5690       5922       5767       5701       5819       5892       5669 
];
router01=[         0          0          0          0          0          0          0          0          0          0          0          0 
      5068       4767       4636       4712       4737       4764       4908       4885       4673       4796       4958       4754 
      5755       5986       5659       6843       6677       6135       6360       5857       6306       6116       6431       6505 
      6201       6222       6147       6218       6089       6121       6237       6124       6120       6157       6177       6205 
      5870       5803       5694       5821       5791       5876       5953       5783       5735       5772       5721       5981 
];
router02=[         0          0          0          0          0          0          0          0          0          0          0          0 
      4447       4685       4765       4823       4707       5136       4782       4728       4833       4672       4575       4776 
      6066       6132       6166       6118       6088       6124       6320       6094       6048       6039       6080       6217 
      5150       5661       5425       5247       5210       5177       5322       5162       5504       5612       5708       5246 
      5927       6122       5735       5796       5680       5680       6002       5646       5749       5909       5661       5944 
];
router03=[         0          0          0          0          0          0          0          0          0          0          0          0 
      4328       4444       4348       4261       4260       4262       4252       4240       4269       4300       4395       4273 
      4533       4618       4558       4561       4608       4657       4596       4639       4516       4550       4468       4566 
         0          0          0          0          0          0          0          0          0          0          0          0 
      5811       5769       5725       5706       5559       5623       5603       5638       5603       5639       5613       5685 
];
router04=[      4435       4340       4266       4414       4345       4349       4272       4487       4224       4277       4325       4272 
      5801       5905       5857       5722       5818       5688       5715       5646       5718       5755       5664       5873 
         0          0          0          0          0          0          0          0          0          0          0          0 
      4637       4676       4582       4560       4686       4646       4623       4576       4596       4500       4553       4598 
      5604       5749       5572       5799       5814       5681       5784       5572       5696       5668       5804       5797 
];
router05=[      4475       4480       4507       4620       4453       4463       4363       4480       4400       4354       4418       4526 
      6035       5803       6117       5845       6062       6007       5867       5973       5805       5721       5886       5886 
      5365       5718       5453       5614       5451       5475       5041       5564       5322       5224       5491       5528 
      6098       6225       6114       5988       6078       6188       6113       6097       6219       6203       6080       6104 
      5987       5781       5773       5809       5980       5780       5843       5908       5790       5842       5823       5876 
];
router06=[      4448       4496       4624       4347       4428       4353       4633       4461       4436       4401       4428       4330 
      5985       6135       6143       6168       6073       6043       5938       5971       5905       6281       5902       5915 
      6031       6113       6154       6120       6177       6162       6118       6229       6148       6085       6069       6155 
      5223       5272       5367       5382       5357       5657       5547       5393       5265       5093       5244       5400 
      6013       5809       5990       6290       6160       5845       5942       5980       6041       6185       5843       6488 
];
router07=[      4318       4347       4307       4339       4252       4398       4379       4504       4364       4482       4420       4424 
      5838       5898       5772       5703       5802       5651       5826       5840       5832       5765       5783       5751 
      4591       4707       4547       4593       4544       4582       4670       4630       4512       4696       4528       4638 
         0          0          0          0          0          0          0          0          0          0          0          0 
      5781       5679       5713       5703       5746       5739       5644       5650       5675       5851       5624       5736 
];
router08=[      5567       5631       5891       5770       5636       5648       5680       5706       5586       5705       5714       5705 
      4257       4205       4328       4201       4298       4191       4282       4225       4202       4250       4216       4254 
         0          0          0          0          0          0          0          0          0          0          0          0 
      4630       4576       4578       4673       4642       4462       4627       4598       4565       4572       4589       4769 
      5758       5600       5659       5615       5717       5692       5698       5614       5661       5641       5676       5587 
];
router09=[      5771       5641       5917       5704       5739       5813       5838       5682       5808       5976       5798       5708 
      4375       4352       4336       4452       4370       4371       4373       4360       4287       4359       4386       4257 
      4975       5103       5121       4798       4838       4995       4971       5108       4955       4993       5067       4950 
      6291       6235       6021       6138       6080       6159       6241       6042       6118       6115       6164       6133 
      5554       5590       5632       5614       5684       5684       5621       5744       5780       5586       5718       5914 
];
router10=[      6344       5891       6327       6184       6068       6429       5902       6378       5942       6428       6195       6054 
      4510       4664       4725       4484       4772       4549       4568       4409       4309       4594       4631       4615 
      6177       6139       6085       6194       6057       6158       6066       6204       6175       6196       6207       6223 
      6078       5802       6326       5892       6025       5977       6018       5841       5810       5993       5679       5556 
      6016       6048       6351       5999       5984       5822       6030       6273       6275       6096       6238       5990 
];
