router00=[         0          0          0          0          0          0          0          0          0          0          0          0 
      7656       8457       8677       8491       8723       8234       8795       8348       9012       8440       8488       9201 
         0          0          0          0          0          0          0          0          0          0          0          0 
      5248       5160       5138       5099       5177       5085       5093       5108       5072       5130       5092       5120 
      7226       7068       7102       7389       6901       7378       7417       6871       7105       7075       7126       7172 
];
router01=[         0          0          0          0          0          0          0          0          0          0          0          0 
      7270       7335       7691       7186       6894       6887       7469       7045       7635       7205       7143       7477 
     13566      14826      13404      13528      13854      14936      15068      13495      13522      13279      12842      13693 
      6955       6995       7025       6881       7040       6880       6914       6888       6990       6862       6820       6921 
      7320       6922       6871       6732       7042       7057       6553       7060       6904       7254       7324       7314 
];
router02=[         0          0          0          0          0          0          0          0          0          0          0          0 
      6343       6659       7093       7139       6823       6826       6632       6779       7239       7089       6663       6279 
      7052       7026       7082       6998       7042       6850       7160       7036       7165       6984       7025       7085 
      8524       8417       8593       8332       7881       8514       8566       8317       8697       8409       8294       8234 
      7236       7268       7319       7834       7353       6931       7570       7379       7213       8626       7464       6868 
];
router03=[         0          0          0          0          0          0          0          0          0          0          0          0 
      5442       5443       5282       5363       5448       5177       5504       5458       5348       5335       5547       5457 
      5207       5178       5095       5217       5201       5175       5166       5186       5136       5171       5101       5269 
         0          0          0          0          0          0          0          0          0          0          0          0 
      6437       6322       6365       6568       6545       6275       6617       6491       6526       6429       6303       6383 
];
router04=[      5365       5091       5221       5221       5330       5243       5225       5166       5314       5005       5438       5418 
      6783       6870       6657       7058       6915       7089       7194       7192       6997       7133       6777       7377 
         0          0          0          0          0          0          0          0          0          0          0          0 
      5266       5158       5254       5137       5101       5084       5133       5149       5187       5183       5126       5136 
      6923       6719       6936       6783       6555       6464       6816       6917       6607       7006       6681       6819 
];
router05=[      5863       5556       5724       5718       5640       5694       5710       5734       5486       5671       5760       5722 
      7120       7820       7535       7692       7635       7410       7080       7480       7450       7453       7049       7404 
      9175       9388       9091       9368       9474       9026       8574       9484       9227       9060       8936       9552 
      7000       6922       6869       6905       6929       6927       7042       6930       6902       7005       6899       7045 
      7062       6894       6897       7015       7073       7050       7025       6993       6858       7312       7354       7108 
];
router06=[      5484       5587       5624       5935       5753       5923       5778       5309       5893       5735       5618       5568 
      7747       7574       7906       8176       7946       8089       7712       7952       7925       7890       8270       8185 
      7061       7097       6914       7017       6996       7074       7061       7079       6937       6973       6862       6918 
      9002       9591       9338       8367       9548       8637       9566       8913       8880       8784       9202       9722 
      7646       8295       7695       8142       8235       8804       7623       7452       7809       7739       7998       8755 
];
router07=[      5445       5248       5583       5420       5620       5510       5373       5363       5627       5451       5542       5405 
      6915       7190       6905       7171       7134       7373       7303       7009       7008       7034       7273       6825 
      5012       5088       5073       5147       5076       5170       5070       5165       5187       5135       5232       5048 
         0          0          0          0          0          0          0          0          0          0          0          0 
      6724       6782       6501       7037       6766       6784       6658       6947       6676       6788       6767       6580 
];
router08=[      6596       6614       6554       6573       6654       6520       6488       6630       6500       6600       6475       6465 
      4947       4793       4835       4772       5045       4851       4934       4839       4831       4850       5046       4876 
         0          0          0          0          0          0          0          0          0          0          0          0 
      5221       5122       5125       5216       5087       5135       5167       5203       5283       5104       5131       5160 
      6327       6287       6559       6456       6380       6661       6415       6501       6494       6520       6458       6306 
];
router09=[      7360       7456       7367       7637       7290       7532       7417       7352       7502       7357       7390       7068 
      5567       5146       5165       5176       5131       5198       5163       5395       5171       5355       5309       5339 
      7622       7570       8064       7925       8244       7669       7845       7771       8133       7906       8154       7907 
      7067       7041       7090       6857       6946       6956       6955       7052       7037       7052       6986       7059 
      6702       6734       6955       6934       6820       6695       6626       6662       6614       6666       6686       6787 
];
router10=[      8673       8409       8887       8757       8135       8720       7871       7913       7730       8371       8040       8606 
      5764       6043       6198       5896       5853       6122       5860       6070       6047       6088       5882       6160 
      6805       6927       6950       6904       6974       6972       6925       6988       6907       6946       6996       6998 
      9928      10688      10936      10480      10178      10344      10409      10707      10910      10171      10215      10874 
      8279       9265       7728       7779       7995       9205       9388       8565       9238       9058       7841       8455 
];
