router00=[         0          0          0          0          0          0          0          0          0          0          0          0 
      6211       6188       6100       6036       6340       6128       6278       6211       6292       6028       6114       5971 
         0          0          0          0          0          0          0          0          0          0          0          0 
      4898       4938       4872       5035       4874       4888       4921       5009       4862       4960       4834       4959 
      6360       6372       6218       6289       6437       6509       6322       6325       6386       6206       6291       6255 
];
router01=[         0          0          0          0          0          0          0          0          0          0          0          0 
      6099       5797       5984       5921       5931       5773       5895       5908       6057       6382       5987       5621 
      9744       9257       9272      10456       9398      10356      10167      10611       9230      10032       9607       9533 
      6627       6543       6507       6558       6543       6604       6542       6632       6637       6502       6699       6778 
      6464       6744       6538       6605       6595       6391       6440       6391       6559       6381       6455       6615 
];
router02=[         0          0          0          0          0          0          0          0          0          0          0          0 
      5260       5399       5107       5273       5195       5263       5013       5090       5200       5371       5534       5553 
      6680       6621       6589       6663       6652       6583       6638       6596       6545       6464       6631       6635 
      6218       6456       6321       6557       6112       6023       6443       6456       6046       6198       6382       6487 
      7086       6343       6434       6265       6404       6318       6485       6485       6883       6892       6464       6722 
];
router03=[         0          0          0          0          0          0          0          0          0          0          0          0 
      4848       4733       4865       4603       4815       4828       4754       4684       4790       4852       4893       4554 
      4865       4874       4993       4920       4928       4860       5011       4809       4934       4881       4986       4910 
         0          0          0          0          0          0          0          0          0          0          0          0 
      6040       6027       6108       6127       6073       6180       5933       6013       6059       5948       5984       6092 
];
router04=[      4960       4681       4878       4610       4889       4857       4862       5007       4752       4757       5048       4900 
      6393       6600       6435       6447       6658       6308       6587       6505       6514       6535       6378       6342 
         0          0          0          0          0          0          0          0          0          0          0          0 
      4973       4893       4900       5005       4961       4853       4896       4847       4881       4864       5020       4911 
      6127       6291       6232       6319       6361       6260       6296       6272       6035       6388       6345       6236 
];
router05=[      5185       4844       4934       5261       5234       5082       5416       5230       4966       5412       5076       4936 
      6461       6707       6756       6700       6972       6564       6926       6841       7098       6551       6942       6648 
      7859       7467       7999       7317       7818       7632       7294       7838       7708       7302       7808       7361 
      6503       6512       6489       6501       6591       6717       6708       6693       6558       6555       6507       6471 
      6591       6207       6755       6487       6433       6590       6499       6429       6574       6570       6575       6503 
];
router06=[      4840       4843       5086       4916       5087       5026       4907       5001       5007       4786       4978       5001 
      7050       6784       6885       7202       6619       6833       6872       6492       7179       6920       6730       7211 
      6594       6576       6611       6637       6648       6613       6590       6608       6628       6593       6634       6667 
      6950       6611       7014       6937       7123       6834       7072       6959       6938       7032       6953       7008 
      6520       6380       6811       7541       6717       6752       7518       6439       6526       6420       6714       6625 
];
router07=[      4755       4998       5052       4963       4867       5258       5014       5003       4928       4875       5030       5040 
      6511       6433       6081       6279       6109       6403       6120       6281       6408       6590       6255       6442 
      4914       4874       4965       4889       4842       4986       4935       4817       4923       4888       4867       4877 
         0          0          0          0          0          0          0          0          0          0          0          0 
      6232       6181       6128       6432       6391       6130       6454       6169       6419       6480       6231       6136 
];
router08=[      6014       6014       6015       6015       5965       6107       5988       6024       6021       6049       6029       6029 
      4541       4607       4626       4480       4578       4391       4519       4502       4528       4551       4534       4510 
         0          0          0          0          0          0          0          0          0          0          0          0 
      4922       4913       4870       4798       4860       4923       4912       4860       4832       4840       4826       4919 
      6018       5914       5954       6062       5870       5909       5993       6024       6107       5948       6082       6106 
];
router09=[      6699       6271       6391       6410       6467       6397       6554       6454       6760       6572       6595       6383 
      4824       4772       4822       4674       4792       4563       4779       4719       4856       4622       4711       4599 
      6018       6092       6099       6156       5655       6213       6073       6151       5953       5952       5818       6011 
      6498       6532       6533       6478       6501       6579       6573       6505       6382       6521       6563       6518 
      6299       6299       6349       6079       6081       6186       6066       6298       6242       6280       6300       6127 
];
router10=[      6949       6920       7021       7024       7408       7192       7033       7221       6754       6658       7157       7172 
      5020       5186       5165       5123       5044       4938       5366       5111       5541       5174       5146       5325 
      6564       6573       6588       6576       6580       6510       6498       6603       6659       6505       6667       6604 
      7890       7816       7572       7740       8167       8016       7495       7458       8531       7662       7338       7309 
      6790       6769       6500       7438       7315       7283       7140       7125       7053       6937       7521       7063 
];
