router00=[         0          0          0          0          0          0          0          0          0          0          0          0 
      3774       3846       3731       3837       3856       3837       3815       3930       3712       3770       3851       3774 
         0          0          0          0          0          0          0          0          0          0          0          0 
      4166       4105       4167       4119       4091       4113       4088       4131       4161       4088       4176       4128 
      5031       5036       5071       5164       5036       5017       5061       5068       5011       5078       5015       5121 
];
router01=[         0          0          0          0          0          0          0          0          0          0          0          0 
      3861       3840       3828       4087       3918       3917       3908       3958       3860       3760       3829       3815 
      4301       4218       4277       4352       4255       4359       4129       4207       4168       4310       4252       4282 
      5467       5450       5587       5393       5542       5446       5467       5416       5489       5506       5496       5460 
      5186       5068       5144       4950       5047       4928       5112       5077       5131       5008       5158       5045 
];
router02=[         0          0          0          0          0          0          0          0          0          0          0          0 
      3855       3833       3852       3924       3744       3775       3725       3791       3722       3876       3775       3976 
      5490       5448       5442       5463       5580       5462       5474       5450       5556       5458       5522       5421 
      4189       4172       4225       4174       4230       4099       4261       4241       4132       4321       4076       4180 
      5094       5111       4894       5043       5183       5018       5122       5069       5009       5239       5166       5125 
];
router03=[         0          0          0          0          0          0          0          0          0          0          0          0 
      3796       3859       3849       3797       3889       3804       3865       3785       3796       3853       3819       3773 
      4168       4166       4034       4104       4130       4174       4159       4077       4144       4042       4123       4043 
         0          0          0          0          0          0          0          0          0          0          0          0 
      5185       4958       5073       5002       5122       5149       4913       5083       5091       5107       5156       5184 
];
router04=[      3814       3817       3846       3798       3836       3795       3813       3810       3870       3784       3796       3755 
      5088       5021       5016       5116       5065       5079       5083       5109       5016       5162       5001       5047 
         0          0          0          0          0          0          0          0          0          0          0          0 
      4036       4095       4056       4169       4074       4088       4115       4067       4123       4034       4083       4100 
      5020       4998       5064       5026       5008       4907       5015       5157       5130       4980       5093       5085 
];
router05=[      3765       3917       3787       3933       3895       3985       3763       3924       3768       3984       3816       3839 
      5016       5092       5048       5092       5084       5091       5118       5130       5308       5233       5225       5186 
      4227       4373       4263       4127       4315       4149       4211       4333       4193       4345       4094       4254 
      5422       5496       5463       5506       5500       5619       5519       5544       5449       5520       5548       5386 
      5158       5052       5080       5143       5072       5103       5253       5132       5032       5052       5153       5172 
];
router06=[      3844       3777       3954       3777       3929       3711       3857       3785       3952       3730       3808       3874 
      5092       5088       5150       5058       5151       5012       5174       5122       5111       5030       5083       5034 
      5513       5547       5482       5492       5504       5462       5539       5496       5489       5418       5553       5401 
      4206       4241       4233       4217       4262       4291       4241       4316       4343       4224       4381       4119 
      5077       5031       5013       5052       5200       5290       5050       4972       5085       5064       5051       5170 
];
router07=[      3856       3825       3918       3779       3828       3926       3933       3871       3914       3784       3921       3807 
      5013       5147       5146       5057       5072       5067       5027       5025       4983       5133       5027       5191 
      4073       4064       4047       4075       4070       4160       4126       4160       4207       4173       4073       4064 
         0          0          0          0          0          0          0          0          0          0          0          0 
      4939       5055       5166       5102       5115       5021       4963       5037       5047       5058       4971       5105 
];
router08=[      5089       5026       5069       5054       4999       5036       5077       5054       5077       5120       5059       5052 
      3837       3815       3739       3768       3814       3816       3817       3843       3778       3763       3818       3749 
         0          0          0          0          0          0          0          0          0          0          0          0 
      4185       4115       4150       4207       4093       4115       4114       4064       4015       4142       4034       4049 
      5277       4981       5038       4991       5146       5035       5061       4969       5140       5096       5049       5032 
];
router09=[      5141       5077       5111       5075       5193       5147       5111       5244       5171       5242       5129       5138 
      3862       3813       3865       3853       3777       3812       3954       3853       3840       3810       3823       3865 
      4014       4331       4160       4345       4195       4220       4183       4299       4057       4196       4242       4346 
      5464       5422       5471       5571       5455       5462       5456       5433       5402       5311       5462       5480 
      5082       5142       4990       5160       5114       5189       5172       5141       4993       5035       5129       5085 
];
router10=[      5172       5035       5179       5105       5150       5069       5154       5108       5071       5088       5121       5210 
      3829       3826       3848       3772       3773       3738       3775       3861       3801       3740       3817       3768 
      5497       5486       5530       5485       5484       5472       5566       5423       5472       5463       5418       5596 
      4154       4186       4279       4190       4151       4250       4147       4270       4192       4044       4161       4176 
      5094       4963       5125       5013       5052       5241       5026       5243       5099       5099       5017       5025 
];
