router00=[         0          0          0          0          0          0          0          0          0          0          0          0 
      6503       6481       6817       6682       6274       6843       6530       6216       6522       6521       6514       6917 
         0          0          0          0          0          0          0          0          0          0          0          0 
      4937       4921       5092       5039       5012       5017       4915       5024       4988       5041       4999       5002 
      6713       6451       6470       6395       6599       6592       6550       6306       6476       6549       6425       6632 
];
router01=[         0          0          0          0          0          0          0          0          0          0          0          0 
      5859       6035       6134       6239       6058       6150       6012       6161       5489       6159       5524       6269 
      9976       9491       9757      10078       9595      10064       9717      10684      10105      10272       9734       9587 
      6697       6877       6818       6775       6743       6622       6586       6690       6796       6827       6867       6679 
      6613       6757       6571       6450       6474       6752       6596       6620       6662       6634       6719       6511 
];
router02=[         0          0          0          0          0          0          0          0          0          0          0          0 
      5426       5697       5841       5440       5828       5583       5797       5417       5909       5275       5834       5637 
      6701       6825       6774       6646       6791       6726       6610       6666       6681       6662       6671       6802 
      6962       6884       6496       6829       6644       6441       6677       6388       6793       7303       6693       7121 
      7237       6267       6549       6860       6696       6759       6749       6812       6557       6666       6229       6846 
];
router03=[         0          0          0          0          0          0          0          0          0          0          0          0 
      4915       4857       4857       5159       5057       4967       5027       4822       5042       5042       4886       5031 
      4921       4957       4881       4975       4976       4954       4965       4921       4998       4979       4809       4947 
         0          0          0          0          0          0          0          0          0          0          0          0 
      6159       6201       6089       6315       6101       6206       6072       6169       6079       6236       6179       5991 
];
router04=[      4983       5009       4904       4885       4943       4977       5044       4909       4957       5074       4813       4886 
      6485       6285       6366       6394       6554       6488       6643       6506       6655       6448       6669       6539 
         0          0          0          0          0          0          0          0          0          0          0          0 
      5100       4902       4874       4957       5078       5050       5022       5026       4996       4959       5030       4954 
      6397       6463       6451       6513       6364       6285       6399       6297       6352       6442       6410       6153 
];
router05=[      5114       5166       5385       5172       5175       5163       5222       5180       5152       4946       5127       5125 
      6921       6737       6673       6550       7011       6723       6777       6598       6974       7130       6693       6942 
      7192       7415       7292       7700       7403       7856       7972       7795       7586       7455       7257       8045 
      6710       6770       6702       6892       6837       6678       6725       6775       6603       6715       6722       6790 
      6636       6482       6516       6687       6625       6657       6451       6479       6471       6270       6523       6474 
];
router06=[      5187       5121       5199       5325       5426       5136       5474       5234       4936       5168       5221       5555 
      7024       7076       7000       6852       6776       7148       6983       7261       6777       7188       6904       7269 
      6864       6706       6685       6763       6738       6759       6774       6652       6719       6746       6713       6621 
      7697       7068       7016       7026       7428       6967       7419       7017       6989       7688       7505       7341 
      6992       6734       6953       7250       6904       6853       7478       6990       6972       7487       6998       6522 
];
router07=[      4946       4827       5043       5021       5119       4798       4982       4876       4907       4935       5055       4882 
      6475       6536       6413       6402       6660       6398       6625       6474       6400       6634       6243       6615 
      4955       5022       4892       4987       4948       4998       4910       5017       5071       4986       4949       4945 
         0          0          0          0          0          0          0          0          0          0          0          0 
      6360       6292       6335       6251       6234       6453       6464       6473       6401       6280       6655       6368 
];
router08=[      6245       6318       6333       6463       6200       6254       6266       6224       6147       6142       6324       6212 
      4599       4655       4883       4844       4733       4597       4657       4740       4755       4596       4863       4685 
         0          0          0          0          0          0          0          0          0          0          0          0 
      5049       5109       5005       5009       5065       5027       5101       5023       5021       5108       5012       5031 
      6219       6136       6138       6213       6180       6195       6121       6200       6106       6109       6249       6097 
];
router09=[      6860       6773       7057       6429       6614       6587       6668       6453       6625       6820       6649       7028 
      4862       4780       4802       4887       4653       4804       4934       4774       4665       5089       4787       4812 
      6186       6059       5903       6094       6300       6473       5920       6116       6201       6195       6461       6333 
      6622       6907       6645       6813       6671       6630       6838       6621       6715       6715       6732       6834 
      6302       6423       6580       6211       6287       6359       6339       6444       6398       6486       6348       6184 
];
router10=[      7382       7339       7869       7383       7541       7537       7531       7576       7711       7363       7543       7893 
      5492       5734       5437       5492       5449       5040       5675       5058       5706       5277       5589       5728 
      6587       6595       6636       6736       6771       6691       6542       6591       6575       6763       6577       6705 
      8189       8556       8293       8895       8188       8981       8710       8326       8304       7494       8757       8235 
      7852       7618       7399       7311       7402       7482       7099       7065       7874       8217       7411       7616 
];
