router00=[         0          0          0          0          0          0          0          0          0          0          0          0 
      1888       1877       1953       1814       1949       1847       1936       1866       1919       1863       1888       1863 
         0          0          0          0          0          0          0          0          0          0          0          0 
      2023       2073       2074       2020       2011       2046       2058       2046       2049       2037       2067       1967 
      2562       2452       2543       2512       2485       2567       2532       2561       2503       2611       2598       2469 
];
router01=[         0          0          0          0          0          0          0          0          0          0          0          0 
      1848       2011       1842       1909       1837       1933       1846       1915       1853       1916       1844       1871 
      1972       2027       2108       2069       2048       2030       2039       2046       2031       2065       2039       2050 
      2664       2756       2685       2765       2678       2793       2638       2765       2697       2768       2702       2741 
      2504       2497       2561       2519       2543       2532       2519       2507       2541       2508       2613       2535 
];
router02=[         0          0          0          0          0          0          0          0          0          0          0          0 
      1919       1891       1910       1867       1850       1931       1932       1831       1877       1869       1874       1847 
      2744       2699       2736       2786       2728       2747       2727       2711       2710       2681       2704       2712 
      2008       2122       1991       2038       2042       2065       2026       2056       1999       2094       2051       2082 
      2455       2568       2510       2516       2521       2611       2466       2530       2560       2547       2462       2598 
];
router03=[         0          0          0          0          0          0          0          0          0          0          0          0 
      1868       1916       1827       1860       1966       1973       1862       1898       1842       1887       1880       1917 
      2094       2024       2135       1982       2113       2095       2085       1991       2042       1986       2018       1965 
         0          0          0          0          0          0          0          0          0          0          0          0 
      2504       2567       2514       2483       2563       2603       2602       2552       2461       2519       2514       2495 
];
router04=[      1913       1931       1867       1937       1881       1930       1894       1959       1862       1910       1868       1924 
      2576       2504       2498       2528       2490       2519       2509       2476       2575       2561       2528       2474 
         0          0          0          0          0          0          0          0          0          0          0          0 
      2020       2034       2013       1982       2105       2068       2056       2014       2070       2083       2069       2065 
      2586       2525       2471       2522       2523       2572       2475       2457       2502       2406       2550       2574 
];
router05=[      1943       1907       1918       1844       1942       1857       1930       1897       1946       1899       1923       1878 
      2566       2505       2555       2532       2533       2545       2555       2554       2544       2472       2558       2523 
      2065       2032       2060       2069       2052       2040       2043       2006       2032       2041       2096       2126 
      2736       2839       2704       2699       2733       2703       2660       2744       2688       2812       2712       2791 
      2614       2620       2475       2532       2543       2492       2497       2423       2564       2560       2482       2462 
];
router06=[      1950       1873       1938       1821       1946       1848       1910       1829       1954       1839       1912       1884 
      2471       2545       2492       2490       2487       2532       2429       2568       2401       2550       2520       2561 
      2680       2739       2701       2799       2666       2743       2749       2746       2740       2705       2749       2791 
      2105       2044       2116       2086       2048       2026       2095       2068       1995       2101       2010       2017 
      2555       2543       2552       2409       2522       2574       2493       2551       2527       2478       2587       2550 
];
router07=[      1856       1911       1922       1939       1867       1887       1903       1961       1856       1961       1845       1950 
      2499       2514       2566       2509       2532       2490       2486       2484       2522       2504       2551       2539 
      2010       2031       2064       2051       2092       2085       2038       2059       2049       2045       2063       2065 
         0          0          0          0          0          0          0          0          0          0          0          0 
      2442       2538       2583       2489       2507       2485       2622       2500       2613       2489       2518       2446 
];
router08=[      2411       2566       2442       2630       2424       2623       2443       2625       2459       2575       2416       2556 
      1800       1911       1822       1909       1817       1942       1810       1931       1803       1916       1782       1938 
         0          0          0          0          0          0          0          0          0          0          0          0 
      2072       2036       2058       2027       2100       2080       2062       2060       2085       2036       2074       2011 
      2587       2545       2597       2528       2560       2559       2496       2582       2484       2586       2542       2504 
];
router09=[      2561       2500       2606       2509       2548       2538       2517       2530       2552       2509       2506       2523 
      1932       1833       1995       1745       1982       1807       1967       1830       1935       1810       1948       1818 
      1991       2091       2070       2079       2016       2081       2033       2064       1972       2060       2043       2033 
      2669       2794       2649       2877       2628       2864       2637       2768       2692       2789       2615       2824 
      2571       2566       2544       2581       2561       2550       2545       2485       2515       2531       2562       2484 
];
router10=[      2552       2518       2490       2603       2506       2561       2524       2574       2529       2519       2521       2475 
      1827       1952       1820       1951       1850       1916       1775       1920       1798       1923       1760       1924 
      2738       2697       2710       2748       2789       2674       2753       2774       2730       2684       2696       2670 
      2055       2032       1994       2067       2022       2152       2083       2038       2058       2085       1999       2040 
      2473       2511       2509       2598       2454       2553       2556       2548       2543       2611       2480       2527 
];
