router00=[         0          0          0          0          0          0          0          0          0          0          0          0 
      2532       2585       2534       2513       2487       2601       2551       2479       2495       2590       2491       2508 
         0          0          0          0          0          0          0          0          0          0          0          0 
      2741       2750       2858       2666       2737       2730       2771       2808       2814       2786       2791       2826 
      3291       3238       3379       3369       3317       3338       3350       3359       3321       3406       3370       3438 
];
router01=[         0          0          0          0          0          0          0          0          0          0          0          0 
      2659       2516       2530       2483       2514       2524       2515       2484       2564       2581       2579       2524 
      2756       2751       2736       2753       2723       2792       2703       2786       2785       2768       2775       2708 
      3675       3718       3723       3727       3683       3697       3630       3716       3675       3730       3663       3658 
      3304       3392       3313       3354       3334       3426       3306       3355       3451       3405       3320       3333 
];
router02=[         0          0          0          0          0          0          0          0          0          0          0          0 
      2537       2591       2581       2557       2527       2523       2569       2541       2537       2535       2552       2506 
      3772       3681       3625       3628       3689       3690       3685       3612       3677       3681       3649       3612 
      2858       2672       2835       2664       2866       2708       2840       2740       2824       2697       2760       2726 
      3409       3389       3430       3406       3348       3369       3278       3437       3456       3363       3370       3354 
];
router03=[         0          0          0          0          0          0          0          0          0          0          0          0 
      2607       2550       2615       2598       2523       2559       2526       2505       2505       2520       2583       2566 
      2730       2740       2653       2737       2762       2801       2694       2817       2678       2766       2713       2752 
         0          0          0          0          0          0          0          0          0          0          0          0 
      3420       3335       3354       3312       3308       3348       3352       3469       3360       3438       3359       3367 
];
router04=[      2449       2573       2418       2558       2447       2577       2455       2579       2413       2598       2433       2608 
      3374       3427       3387       3375       3355       3407       3360       3340       3365       3381       3374       3397 
         0          0          0          0          0          0          0          0          0          0          0          0 
      2654       2812       2768       2811       2746       2849       2703       2874       2732       2861       2685       2703 
      3276       3385       3360       3322       3431       3359       3325       3354       3425       3329       3356       3342 
];
router05=[      2560       2452       2548       2519       2566       2471       2573       2462       2564       2421       2568       2495 
      3309       3399       3341       3346       3428       3411       3339       3401       3319       3377       3305       3336 
      2652       2722       2755       2732       2716       2685       2698       2789       2757       2684       2747       2719 
      3605       3662       3678       3695       3612       3677       3719       3720       3681       3661       3655       3703 
      3353       3354       3475       3360       3299       3342       3383       3322       3407       3452       3393       3387 
];
router06=[      2474       2618       2502       2583       2457       2547       2511       2583       2512       2599       2498       2612 
      3379       3337       3382       3385       3381       3420       3451       3303       3381       3328       3371       3308 
      3667       3597       3597       3583       3698       3685       3713       3617       3630       3597       3627       3619 
      2728       2756       2712       2759       2824       2774       2737       2774       2743       2747       2749       2701 
      3336       3410       3371       3370       3366       3421       3308       3401       3436       3370       3388       3366 
];
router07=[      2549       2530       2537       2526       2525       2500       2562       2461       2541       2493       2582       2498 
      3420       3383       3409       3341       3368       3461       3357       3495       3391       3399       3350       3360 
      2800       2752       2745       2683       2765       2759       2783       2724       2771       2719       2796       2679 
         0          0          0          0          0          0          0          0          0          0          0          0 
      3381       3360       3378       3361       3327       3432       3347       3495       3397       3401       3479       3342 
];
router08=[      3448       3341       3350       3368       3383       3343       3350       3311       3423       3342       3370       3407 
      2515       2533       2498       2574       2502       2564       2506       2549       2501       2570       2478       2534 
         0          0          0          0          0          0          0          0          0          0          0          0 
      2713       2677       2827       2656       2708       2665       2764       2692       2658       2659       2794       2687 
      3493       3431       3325       3307       3403       3372       3349       3385       3391       3381       3505       3249 
];
router09=[      3304       3402       3344       3370       3303       3301       3293       3376       3290       3386       3320       3423 
      2509       2568       2510       2558       2498       2575       2479       2556       2520       2555       2497       2521 
      2762       2786       2751       2724       2722       2686       2710       2696       2753       2722       2743       2696 
      3711       3671       3623       3642       3641       3657       3692       3641       3645       3654       3643       3708 
      3392       3342       3388       3330       3423       3407       3327       3400       3231       3373       3339       3397 
];
router10=[      3475       3273       3325       3391       3402       3306       3438       3319       3435       3320       3381       3373 
      2492       2558       2460       2585       2496       2547       2481       2556       2529       2574       2492       2550 
      3671       3667       3511       3651       3636       3623       3655       3663       3596       3678       3660       3675 
      2732       2854       2784       2787       2676       2782       2667       2715       2681       2691       2705       2827 
      3328       3406       3437       3389       3376       3369       3283       3304       3390       3352       3309       3372 
];
