router00=[         0          0          0          0          0          0          0          0          0          0          0          0 
      4520       4674       4528       4633       4578       4726       4507       4655       4730       4784       4423       4841 
         0          0          0          0          0          0          0          0          0          0          0          0 
      4559       4573       4558       4566       4591       4504       4491       4489       4621       4514       4585       4452 
      5618       5757       5759       5625       5746       5602       5617       5502       5762       5670       5510       5629 
];
router01=[         0          0          0          0          0          0          0          0          0          0          0          0 
      4634       4894       4724       4897       4852       4661       4566       4768       4947       4850       5004       4830 
      6428       6216       6314       6626       6830       6761       6327       6529       6308       6831       6219       6646 
      6097       6080       6131       6017       6074       6057       5978       6030       6156       6096       6172       6241 
      5772       5792       5706       5665       5820       5830       5902       5791       5832       5737       5665       5769 
];
router02=[         0          0          0          0          0          0          0          0          0          0          0          0 
      4507       4277       4450       4397       4478       4334       4479       4526       4422       4377       4328       4351 
      6053       6009       6005       6017       6112       6092       5980       6042       6009       6012       6032       6059 
      4827       4705       5027       4839       4853       4756       4824       4824       4907       4851       4930       4854 
      5578       5571       5678       5833       5769       5575       5692       5538       5495       5700       5666       5508 
];
router03=[         0          0          0          0          0          0          0          0          0          0          0          0 
      4241       4158       4277       4254       4170       4259       4227       4174       4247       4156       4199       4213 
      4506       4428       4514       4528       4501       4527       4552       4530       4542       4513       4537       4518 
         0          0          0          0          0          0          0          0          0          0          0          0 
      5616       5622       5667       5560       5451       5538       5444       5489       5629       5411       5407       5475 
];
router04=[      4223       4153       4247       4262       4397       4256       4242       4236       4319       4208       4225       4248 
      5610       5614       5734       5710       5641       5595       5747       5702       5669       5616       5780       5722 
         0          0          0          0          0          0          0          0          0          0          0          0 
      4580       4485       4502       4604       4450       4542       4495       4566       4593       4501       4529       4495 
      5566       5659       5616       5524       5480       5472       5832       5665       5605       5668       5646       5651 
];
router05=[      4296       4328       4342       4321       4338       4360       4470       4397       4348       4361       4329       4288 
      5583       5867       5639       5612       5702       5837       5649       5798       5671       5548       5688       5675 
      5017       5058       5121       5072       4960       5064       4783       4940       5070       5008       5169       5090 
      6076       6117       6099       6090       6069       6101       6168       6128       6123       6067       6021       6059 
      5589       5637       5661       5591       5576       5770       5657       5835       5795       5691       5716       5670 
];
router06=[      4253       4302       4345       4355       4175       4373       4188       4372       4319       4371       4263       4334 
      5703       5816       5798       5879       5898       5971       5776       5789       5840       5927       5810       5845 
      6024       6032       6034       5998       6016       6061       6089       6131       6033       6037       6088       6132 
      5142       5346       5164       5179       5321       5272       5401       5249       5233       5030       4914       5111 
      5862       6010       5873       5962       5927       5872       5719       5748       6253       5901       5811       5685 
];
router07=[      4293       4275       4216       4511       4293       4218       4324       4202       4258       4295       4360       4245 
      5634       5512       5698       5562       5760       5560       5837       5617       5643       5756       5674       5493 
      4443       4667       4511       4548       4512       4578       4499       4477       4546       4397       4463       4499 
         0          0          0          0          0          0          0          0          0          0          0          0 
      5721       5613       5648       5675       5592       5756       5761       5723       5540       5613       5626       5740 
];
router08=[      5658       5626       5632       5570       5689       5582       5739       5600       5593       5536       5589       5588 
      4176       4204       4207       4209       4174       4177       4186       4203       4179       4195       4147       4228 
         0          0          0          0          0          0          0          0          0          0          0          0 
      4673       4522       4587       4516       4548       4585       4475       4525       4527       4436       4604       4533 
      5590       5709       5594       5498       5622       5687       5542       5630       5680       5615       5645       5683 
];
router09=[      5739       5656       5781       5637       5712       5722       5737       5735       5582       5637       5760       5624 
      4277       4323       4278       4324       4300       4249       4216       4242       4324       4288       4392       4233 
      5438       5066       4961       5312       5099       5182       4981       5118       5218       5461       5030       5240 
      6110       6087       6142       5957       5946       5978       6046       5967       6076       5963       6149       6026 
      5702       5723       5512       5689       5763       5531       5563       5695       5720       5738       5753       5605 
];
router10=[      5758       5999       5704       5941       5744       5772       5798       5973       5806       5898       5688       6009 
      4323       4337       4303       4161       4430       4251       4442       4245       4248       4127       4239       4339 
      6207       6159       6002       6097       6040       6092       6148       6049       6065       6106       6190       6168 
      5292       5326       5418       5345       5136       5253       5292       5042       5526       5229       5280       5150 
      5822       5722       5985       5824       5887       5770       5766       5713       5755       5883       6220       5704 
];
