router00=[         0          0          0          0          0          0          0          0          0          0          0          0 
      7798       7875       7582       7935       7910       7911       7179       7968       7325       7708       7746       7481 
         0          0          0          0          0          0          0          0          0          0          0          0 
      4985       5033       4936       5029       5000       5021       4949       4953       5037       4992       5055       4966 
      6854       6933       6775       6723       6984       7229       6586       7072       6974       6663       6677       7147 
];
router01=[         0          0          0          0          0          0          0          0          0          0          0          0 
      6576       6755       6593       6942       6398       6355       7040       6778       7099       6826       6466       6613 
     12961      12062      11778      12171      12478      12304      11027      10933      10764      12566      11945      12167 
      6945       6802       6942       6901       6705       6945       6761       7024       6915       6968       6998       6953 
      6800       7036       6686       6595       6797       6859       6755       6961       7056       6767       6656       6920 
];
router02=[         0          0          0          0          0          0          0          0          0          0          0          0 
      5705       5932       5997       6204       6121       5955       5670       5979       5859       6024       5815       6170 
      6711       6811       6838       6853       6900       6856       6839       6881       6779       6783       6722       6842 
      7982       7574       7479       7593       7668       7643       7382       6960       7458       7854       7735       7375 
      6904       6812       7007       6852       7154       6519       7119       7183       7495       7442       7035       7341 
];
router03=[         0          0          0          0          0          0          0          0          0          0          0          0 
      5105       5279       5000       4914       5010       5073       5113       5229       5198       4917       5018       5065 
      5158       5084       5002       5054       5091       5043       5024       4941       4951       5006       4966       5122 
         0          0          0          0          0          0          0          0          0          0          0          0 
      6302       6053       6349       6269       6346       6130       6243       6203       6214       6234       6233       6333 
];
router04=[      5457       5036       5076       5355       5293       5095       5373       5157       5371       5095       5089       4974 
      6359       7059       6857       7039       7045       7082       7085       7308       6760       6930       6776       7085 
         0          0          0          0          0          0          0          0          0          0          0          0 
      5077       5164       5072       5056       5069       4997       4982       5005       4976       5089       5095       5060 
      6950       6661       6715       6817       6788       6727       6510       6631       6837       6463       6494       6713 
];
router05=[      5484       5876       5535       5462       5341       5521       5446       5463       5577       5456       5450       5364 
      7133       7225       7350       7179       7258       7210       7053       7292       7417       6886       7533       7465 
      9401       9396       8535       9124       8931       9413       9088       9519       9390       8988       9404       9266 
      6822       6889       6901       6810       6745       6742       6819       6817       6893       6777       6915       6916 
      6839       7070       6960       6859       7002       6802       6927       6923       6783       6663       6876       6797 
];
router06=[      5489       5215       5261       5310       5361       5500       5366       5350       5213       5509       5390       5328 
      7617       7470       7336       7197       7563       7437       7565       7607       7377       7829       7200       7406 
      6927       6906       6823       7015       6950       6843       6840       6900       6907       7022       6905       7023 
      7973       7684       8344       7856       7434       8265       7140       7040       7993       7669       8456       8153 
      6816       7898       7202       8009       7256       7162       7251       7214       6892       7578       7481       7540 
];
router07=[      5302       4966       5664       5168       5541       5105       5408       5080       5608       5440       5494       5464 
      6737       6775       6743       6639       6877       6590       6943       6952       6797       7020       7097       6647 
      5046       5110       4982       5003       5021       4951       5015       5018       4997       4987       4898       4994 
         0          0          0          0          0          0          0          0          0          0          0          0 
      6484       6650       6803       6675       6789       6851       7039       6615       6635       6702       6625       6678 
];
router08=[      6135       6388       6441       6231       6383       6519       6272       6276       6517       6384       6441       6278 
      4816       4890       4812       4837       4870       4700       4836       4694       4808       4596       4801       4755 
         0          0          0          0          0          0          0          0          0          0          0          0 
      5078       5162       5074       5112       5058       5059       5096       5100       5129       5141       5114       5194 
      6275       6259       6093       6218       6245       6242       6331       6380       6378       6331       6260       6380 
];
router09=[      6703       7175       6779       6452       6802       6843       6799       6701       6500       6911       6828       6892 
      5048       5117       4901       4923       5158       5006       4915       4885       5121       4953       5025       4763 
      6541       6474       6673       6614       6271       6161       6423       6589       6777       6431       6015       6702 
      6751       6761       6746       6735       6885       6812       6869       6824       6979       6819       6822       6885 
      6427       6383       6535       6473       6392       6697       6382       6506       6379       6492       6711       6401 
];
router10=[      7980       7899       7784       7532       7870       7600       7369       7703       7897       8269       7664       7465 
      5589       5334       5753       5569       5714       5558       5613       5331       5328       5341       5320       5511 
      6959       6807       6751       6725       6777       6951       6785       6756       6906       6706       6715       6918 
      9428       8806       8915       8533       8962       9292       8946       9056       9312       9243       8282       8748 
      7987       8344       8492       8564       6962       7508       7877       7110       7788       7495       7673       7624 
];
