router00=[         0          0          0          0          0          0          0          0          0          0          0          0 
      5776       5827       6239       5539       5902       5663       5800       6240       6214       5912       5705       6080 
         0          0          0          0          0          0          0          0          0          0          0          0 
      4895       4742       4772       4807       4772       4824       4813       4784       4868       4822       4782       4791 
      6141       6264       6315       6470       6295       6248       6273       6425       6256       6188       6278       6419 
];
router01=[         0          0          0          0          0          0          0          0          0          0          0          0 
      5931       5824       5875       5600       5429       5388       5338       5097       5632       5554       5731       5694 
      8603       8355       7706       8200       8016       8044       8338       9009       8531       8426       8680       8778 
      6387       6578       6382       6582       6421       6519       6473       6563       6536       6490       6539       6453 
      6138       6171       6242       6070       6094       6290       6196       6334       6420       6174       6290       6101 
];
router02=[         0          0          0          0          0          0          0          0          0          0          0          0 
      5434       5285       5125       5257       5111       4962       5122       5187       5057       5284       5085       5329 
      6470       6545       6462       6598       6532       6549       6463       6525       6465       6448       6420       6584 
      5979       6121       6124       5671       6216       6093       5784       5815       5855       6249       6256       5868 
      6217       6166       6288       6060       6525       6465       6408       6724       6762       6099       6601       6315 
];
router03=[         0          0          0          0          0          0          0          0          0          0          0          0 
      4519       4535       4617       4525       4453       4644       4693       4561       4556       4532       4486       4546 
      4741       4887       4824       4891       4815       4869       4823       4812       4767       4874       4754       4836 
         0          0          0          0          0          0          0          0          0          0          0          0 
      5833       5987       6094       5897       5967       5888       5757       6068       5951       6051       5893       6162 
];
router04=[      4596       4657       4769       4618       4639       4612       4674       4706       4558       4633       4530       4663 
      6052       6129       6047       6091       6132       6106       6038       6232       6157       6246       6183       6279 
         0          0          0          0          0          0          0          0          0          0          0          0 
      4763       4840       4851       4831       4754       4765       4790       4842       4770       4858       4849       4772 
      6069       6045       5929       6125       6168       6189       6306       6222       6175       6055       6030       6067 
];
router05=[      4710       5096       4769       4694       4892       4718       4966       4743       4672       4699       4694       4845 
      6321       6316       6349       6296       6219       6521       6309       6406       6158       6265       6276       6238 
      5946       6151       6558       6300       6005       6297       6322       6149       6712       6184       6398       6212 
      6459       6421       6423       6348       6448       6546       6395       6487       6500       6347       6393       6451 
      6153       6126       6440       6174       6015       6267       6101       6308       6115       6263       6243       6031 
];
router06=[      4817       4786       4996       5015       4668       4603       4753       4814       4676       4766       4633       4962 
      6548       6405       6401       6477       6574       6491       6439       6529       6865       6562       6758       6581 
      6481       6439       6599       6510       6510       6530       6531       6397       6611       6407       6569       6394 
      6446       6464       6537       6677       6594       6480       6314       6720       6491       6648       6190       6561 
      6939       6709       6844       6308       6114       7150       6297       6640       6278       6651       6234       6332 
];
router07=[      4702       4604       4745       4559       4614       4742       4648       4831       4939       4638       4710       4622 
      6060       6000       6100       6071       5995       6162       6011       6286       6141       6126       6381       6080 
      4789       4743       4809       4787       4825       4792       4814       4787       4812       4744       4908       4794 
         0          0          0          0          0          0          0          0          0          0          0          0 
      6206       6031       6121       6147       6071       6228       6212       6158       5946       6047       6014       6075 
];
router08=[      6059       6132       6015       6050       6110       5987       6155       6093       6011       5987       6062       6076 
      4548       4549       4507       4593       4600       4639       4551       4682       4430       4627       4494       4538 
         0          0          0          0          0          0          0          0          0          0          0          0 
      4821       4812       4873       4782       4898       4871       4878       4883       4971       4939       4864       4896 
      5992       6069       5895       5862       5944       6065       5933       6023       5854       5886       5972       5901 
];
router09=[      6408       6454       6200       6144       6165       6474       6060       6226       6242       6355       6541       6325 
      4602       4902       4685       4626       4831       4612       4527       4564       4606       4813       4524       4682 
      5657       5748       6023       6203       5826       5987       5730       6219       5956       6122       5632       5928 
      6465       6432       6474       6520       6430       6341       6547       6482       6494       6490       6523       6471 
      6049       6264       6189       6024       6091       6096       5952       6200       5925       6020       5938       6086 
];
router10=[      6479       6556       6719       6752       6602       7002       6917       6970       6778       6503       6723       6661 
      5105       5085       4656       4888       4924       4981       5072       4711       5119       5083       5012       4984 
      6370       6409       6415       6413       6299       6468       6500       6442       6329       6445       6477       6421 
      6859       6690       6618       6648       7034       6688       6655       6686       6362       6627       6822       6718 
      7102       6383       6882       6923       7345       6452       6731       7291       6373       6206       6366       6968 
];
