router00=[         0          0          0          0          0          0          0          0          0          0          0          0 
      5196       5165       5331       5335       5325       5122       5155       5150       5151       5346       5340       5268 
         0          0          0          0          0          0          0          0          0          0          0          0 
      4798       4702       4744       4752       4810       4770       4849       4647       4702       4714       4710       4731 
      5890       5998       5801       5970       6153       6178       5838       6080       6053       5918       6113       5833 
];
router01=[         0          0          0          0          0          0          0          0          0          0          0          0 
      5498       5471       5284       4977       5198       5082       5263       5199       5543       5278       5359       5226 
      7453       7509       7225       7145       7263       6927       6899       7432       7875       7489       7810       6925 
      6403       6325       6340       6324       6387       6401       6542       6350       6440       6360       6300       6412 
      6109       6137       6204       6097       6230       6174       6071       6052       5969       6157       6088       6200 
];
router02=[         0          0          0          0          0          0          0          0          0          0          0          0 
      5055       5161       5059       4967       4904       4956       4853       5131       4890       5037       4998       4894 
      6301       6419       6515       6372       6364       6355       6542       6310       6498       6289       6376       6325 
      5622       6091       5999       5592       5758       5733       6070       5860       5925       5923       5660       5604 
      6101       6374       5817       6168       6064       6256       6337       6208       6072       5971       6194       6342 
];
router03=[         0          0          0          0          0          0          0          0          0          0          0          0 
      4687       4530       4681       4396       4560       4687       4544       4496       4689       4427       4670       4580 
      4814       4679       4753       4759       4827       4663       4705       4660       4710       4709       4645       4587 
         0          0          0          0          0          0          0          0          0          0          0          0 
      5830       5984       5700       5827       5849       5845       5914       5825       5850       6017       5777       5879 
];
router04=[      4438       4580       4428       4442       4453       4403       4413       4402       4371       4513       4558       4510 
      6077       6111       6015       5939       5971       5859       5949       6044       5918       6010       5866       6050 
         0          0          0          0          0          0          0          0          0          0          0          0 
      4762       4766       4819       4791       4789       4689       4722       4658       4825       4801       4715       4794 
      5926       5919       5837       5982       6161       5894       5932       5921       5995       5770       5864       5703 
];
router05=[      4715       4743       4646       5176       4752       4779       4672       4758       4844       4756       4798       4743 
      6366       6187       6248       6269       6215       6054       6154       6043       6390       6113       6374       6142 
      6524       5895       5769       6009       6205       6431       5717       5863       6194       5988       6361       6188 
      6372       6346       6436       6286       6367       6345       6275       6365       6354       6303       6219       6364 
      6171       6119       6057       6112       5912       6165       6283       6251       6140       6017       6088       6085 
];
router06=[      4666       4530       4644       4638       4650       4621       4755       4915       4763       4519       4528       4470 
      6383       6258       6089       6113       6258       6370       6091       6068       6220       6155       5929       6262 
      6290       6268       6348       6277       6473       6280       6402       6311       6396       6347       6349       6331 
      5743       5764       5581       5798       5735       5852       5720       5505       5452       5513       5574       5514 
      6119       6428       6271       6192       6495       6240       6519       6046       6102       6475       6503       5983 
];
router07=[      4807       4690       4588       4743       4758       4682       4536       4680       4544       4578       4482       4776 
      6083       5968       6051       5979       6064       6046       6007       5922       6145       6060       6056       6039 
      4772       4760       4765       4708       4634       4768       4699       4739       4769       4772       4799       4727 
         0          0          0          0          0          0          0          0          0          0          0          0 
      5887       5893       5974       5904       6036       6114       6020       5984       5985       5897       5961       5883 
];
router08=[      5938       5861       5788       5789       5785       5757       5941       5856       5843       5725       5865       5882 
      4483       4447       4380       4332       4380       4351       4449       4332       4423       4286       4364       4311 
         0          0          0          0          0          0          0          0          0          0          0          0 
      4840       4777       4670       4752       4832       4807       4685       4791       4731       4748       4751       4760 
      5859       5921       5947       5866       5823       6002       5937       5911       5792       5895       5839       5812 
];
router09=[      6003       6233       6107       6029       6023       6376       6367       6176       6202       6046       6108       6198 
      4468       4539       4491       4602       4604       4597       4546       4508       4534       4456       4447       4715 
      5276       5565       5498       5653       5684       5312       5562       5172       5296       5579       5448       5483 
      6489       6398       6302       6352       6315       6419       6465       6391       6444       6386       6393       6341 
      6064       6109       5929       5839       5848       6034       5939       6358       6029       5971       5825       6117 
];
router10=[      6593       6352       6438       6202       6729       6380       6612       6621       6503       6953       6800       6519 
      4839       4875       5004       4742       4845       4921       4858       4805       5089       4997       5034       4945 
      6273       6388       6311       6437       6313       6354       6327       6326       6401       6267       6243       6256 
      6099       6319       6135       6194       6701       6744       6022       6559       6463       6111       5983       5936 
      6401       6080       6783       6234       6763       6454       6422       6303       6405       6364       6311       6528 
];
