router00=[         0          0          0          0          0          0          0          0          0          0          0          0 
      5153       5340       4898       5020       5109       4889       5024       5155       5104       5019       5149       5182 
         0          0          0          0          0          0          0          0          0          0          0          0 
      4656       4584       4711       4771       4698       4799       4731       4665       4738       4612       4694       4667 
      5634       6124       5874       5763       5996       5867       5873       5907       5915       5823       5871       5805 
];
router01=[         0          0          0          0          0          0          0          0          0          0          0          0 
      5108       4744       4761       4678       5063       5082       4898       4738       4956       4893       5182       4862 
      6858       6913       7054       7005       6760       6232       6224       6246       6441       6964       6886       6633 
      6332       6285       6325       6231       6382       6381       6357       6298       6317       6313       6254       6279 
      6059       5950       5956       5847       6112       6163       6048       5909       5874       5971       6014       5933 
];
router02=[         0          0          0          0          0          0          0          0          0          0          0          0 
      4969       4812       4679       4522       4857       4645       4716       4907       4735       4880       5048       4799 
      6270       6212       6369       6266       6246       6058       6252       6189       6340       6185       6297       6169 
      5560       5549       5315       5308       5479       5446       5501       5315       5744       5071       5485       5299 
      6042       5925       5909       6104       6253       6024       5844       6215       6104       5990       6492       5857 
];
router03=[         0          0          0          0          0          0          0          0          0          0          0          0 
      4387       4475       4421       4361       4502       4309       4447       4275       4511       4504       4489       4464 
      4645       4628       4659       4737       4646       4660       4615       4663       4613       4717       4664       4664 
         0          0          0          0          0          0          0          0          0          0          0          0 
      5781       5689       5690       5743       5836       5715       5748       5784       5717       5600       5766       5740 
];
router04=[      4548       4401       4518       4423       4498       4336       4724       4479       4548       4574       4537       4467 
      5813       5906       5818       5834       5919       6039       6172       5966       6064       5936       5862       5919 
         0          0          0          0          0          0          0          0          0          0          0          0 
      4720       4632       4836       4660       4680       4620       4669       4632       4691       4703       4655       4741 
      5778       6070       5860       5887       5818       5897       6056       5959       5889       5812       5735       5924 
];
router05=[      4645       4588       4631       4523       4619       4475       4496       4604       4670       4540       4516       4608 
      6076       6085       6107       5887       5889       5999       6145       5981       6236       5988       6131       6180 
      5647       5985       5773       5466       5754       5804       5844       5575       5677       5538       6116       5942 
      6141       6251       6275       6280       6393       6246       6339       6282       6358       6163       6205       6189 
      5930       5952       5908       5865       5974       5872       5965       5829       5929       6194       6076       5968 
];
router06=[      4597       4660       4660       4639       4354       4811       4692       4595       4564       4500       4515       4694 
      6004       6078       6074       6205       6065       6069       6223       6113       6273       6208       6502       6124 
      6250       6218       6364       6364       6264       6220       6310       6181       6281       6281       6294       6164 
      5800       5863       6030       5864       5917       5728       5422       6053       5904       5841       5751       5705 
      6075       6371       6190       6079       6069       6025       6351       5861       6122       6288       6093       6173 
];
router07=[      4346       4533       4462       4492       4442       4438       4447       4463       4588       4458       4500       4590 
      6017       5916       5838       6077       6113       5884       6161       5948       5899       5875       6014       5916 
      4661       4665       4785       4680       4696       4690       4609       4675       4624       4680       4740       4740 
         0          0          0          0          0          0          0          0          0          0          0          0 
      5782       5957       5930       5872       6030       6030       5938       5757       6155       6090       5859       5830 
];
router08=[      5730       5839       5674       5764       5695       5766       5712       5800       5733       5773       5633       5788 
      4340       4314       4262       4315       4279       4295       4352       4264       4282       4355       4377       4285 
         0          0          0          0          0          0          0          0          0          0          0          0 
      4646       4663       4606       4660       4630       4661       4641       4752       4670       4726       4743       4684 
      5670       5728       5652       5757       5765       5786       5691       5805       5627       5873       5728       5726 
];
router09=[      6075       5974       5920       5904       6004       5890       6035       5935       6231       5750       5942       5755 
      4591       4380       4417       4424       4486       4306       4383       4321       4403       4513       4414       4473 
      5090       5305       5030       5184       5238       5181       5106       5383       5138       5264       5192       5018 
      6250       6207       6324       6165       6309       6268       6263       6203       6237       6225       6250       6201 
      5785       5842       5837       5777       5869       5728       5680       5949       5836       5689       5792       5901 
];
router10=[      6394       6288       6303       6326       6267       6213       6070       6471       6412       6146       6143       6447 
      4558       4707       4568       4402       4476       4624       4576       4520       4536       4684       4854       4539 
      6226       6270       6228       6278       6239       6193       6263       6205       6267       6252       6215       6159 
      5732       6075       6083       6235       5928       5880       5820       5642       5751       5801       5681       5889 
      6242       6324       6500       6028       6056       6164       5879       6517       6069       6157       6037       6048 
];
