router00=[         0          0          0          0          0          0          0          0          0          0          0          0 
       639        618        695        625        617        565        661        581        644        569        654        592 
         0          0          0          0          0          0          0          0          0          0          0          0 
       707        686        684        700        694        686        667        669        699        681        719        659 
       800        814        852        821        837        879        871        835        885        871        801        826 
];
router01=[         0          0          0          0          0          0          0          0          0          0          0          0 
       681        597        660        633        635        605        690        637        642        622        663        631 
       668        685        681        662        700        655        708        667        699        659        652        676 
       967        869        906        871        974        891        907        887        936        910        966        908 
       850        784        821        863        863        836        824        879        824        818        835        837 
];
router02=[         0          0          0          0          0          0          0          0          0          0          0          0 
       616        634        601        648        596        664        595        647        603        659        586        667 
       874        946        896        952        913        979        864        964        892        908        909        925 
       727        676        700        662        728        650        738        668        734        649        736        643 
       846        805        943        832        855        821        879        857        891        836        869        820 
];
router03=[         0          0          0          0          0          0          0          0          0          0          0          0 
       605        700        578        674        628        654        594        666        613        681        621        652 
       667        688        699        708        671        740        672        710        682        678        685        695 
         0          0          0          0          0          0          0          0          0          0          0          0 
       830        801        834        813        849        830        883        839        844        832        822        832 
];
router04=[       603        669        585        681        596        679        598        659        573        665        597        672 
       825        864        820        908        790        892        770        885        766        876        796        869 
         0          0          0          0          0          0          0          0          0          0          0          0 
       640        706        629        665        648        696        653        683        671        682        621        677 
       860        837        852        865        803        831        842        819        826        820        793        823 
];
router05=[       553        701        559        687        559        675        560        683        562        700        587        703 
       862        783        885        825        851        788        863        780        888        772        856        811 
       689        647        678        659        710        678        694        689        720        678        677        658 
       903        913        890        948        892        882        946        891        932        858        889        855 
       840        796        804        811        878        824        826        828        788        843        866        851 
];
router06=[       646        625        690        615        667        607        696        601        668        601        681        583 
       760        945        723        940        704        901        720        963        713        944        705        943 
       899        878        946        877        941        866        930        868        953        802        941        877 
       627        711        689        715        638        715        696        680        648        711        671        741 
       885        836        782        841        882        844        784        869        790        876        813        826 
];
router07=[       625        594        641        598        642        623        633        606        640        601        636        606 
       846        870        845        856        795        885        822        876        825        867        844        873 
       638        761        623        750        677        758        624        718        604        734        641        705 
         0          0          0          0          0          0          0          0          0          0          0          0 
       886        849        871        855        897        825        844        855        874        814        833        871 
];
router08=[       820        884        795        877        807        887        811        871        791        860        791        880 
       603        637        613        662        609        652        642        653        628        649        627        654 
         0          0          0          0          0          0          0          0          0          0          0          0 
       655        713        646        701        678        700        615        694        645        724        631        651 
       816        863        850        801        854        820        887        862        901        780        862        835 
];
router09=[       821        863        812        809        835        845        804        849        824        853        817        822 
       608        616        624        628        604        621        602        612        623        631        628        606 
       660        739        673        680        661        686        676        760        674        723        714        774 
       857        923        912        934        897        941        888        901        848        931        898        900 
       863        846        877        818        808        880        878        873        818        854        813        830 
];
router10=[       794        907        795        900        775        882        808        903        772        912        799        919 
       588        671        608        647        598        642        582        671        576        666        582        654 
       922        938        875        920        915        903        893        933        901        935        907        936 
       667        663        671        687        750        645        713        637        724        642        726        667 
       798        811        831        819        816        827        825        900        822        813        839        802 
];
