router00=[         0          0          0          0          0          0          0          0          0          0          0          0 
      1243       1294       1178       1316       1238       1304       1193       1344       1260       1317       1241       1300 
         0          0          0          0          0          0          0          0          0          0          0          0 
      1311       1378       1315       1424       1363       1365       1252       1431       1326       1369       1309       1441 
      1673       1652       1748       1643       1688       1668       1766       1631       1696       1730       1649       1624 
];
router01=[         0          0          0          0          0          0          0          0          0          0          0          0 
      1291       1284       1247       1273       1274       1239       1306       1254       1249       1211       1286       1214 
      1278       1466       1318       1426       1357       1380       1360       1379       1347       1427       1350       1416 
      1738       1950       1723       1941       1700       1873       1776       1891       1741       1806       1795       1855 
      1748       1686       1725       1691       1681       1667       1692       1683       1680       1648       1717       1705 
];
router02=[         0          0          0          0          0          0          0          0          0          0          0          0 
      1228       1327       1206       1318       1170       1358       1199       1291       1157       1301       1209       1362 
      1793       1900       1758       1918       1723       1896       1799       1852       1762       1901       1769       1806 
      1322       1430       1339       1409       1355       1400       1300       1405       1320       1375       1301       1398 
      1621       1676       1636       1702       1693       1730       1631       1699       1665       1715       1734       1650 
];
router03=[         0          0          0          0          0          0          0          0          0          0          0          0 
      1282       1233       1299       1256       1260       1268       1267       1225       1234       1251       1232       1269 
      1428       1344       1401       1349       1383       1369       1315       1352       1388       1395       1347       1456 
         0          0          0          0          0          0          0          0          0          0          0          0 
      1681       1594       1734       1630       1647       1748       1711       1679       1682       1661       1709       1650 
];
router04=[      1219       1263       1224       1303       1198       1317       1206       1305       1218       1283       1224       1309 
      1630       1746       1703       1697       1707       1774       1662       1695       1663       1750       1674       1737 
         0          0          0          0          0          0          0          0          0          0          0          0 
      1370       1398       1360       1325       1380       1443       1401       1377       1436       1429       1368       1419 
      1660       1693       1648       1711       1740       1662       1662       1678       1670       1739       1713       1699 
];
router05=[      1249       1316       1228       1285       1265       1287       1255       1278       1250       1280       1272       1278 
      1652       1706       1682       1701       1660       1692       1666       1675       1664       1692       1672       1717 
      1331       1425       1435       1312       1351       1397       1399       1355       1371       1359       1374       1394 
      1855       1807       1804       1854       1825       1831       1843       1834       1825       1859       1803       1817 
      1690       1672       1654       1734       1715       1705       1698       1678       1609       1597       1694       1662 
];
router06=[      1204       1300       1224       1298       1266       1304       1244       1339       1221       1282       1210       1288 
      1559       1747       1586       1814       1609       1751       1600       1756       1651       1741       1584       1754 
      1817       1810       1829       1829       1870       1822       1779       1859       1895       1796       1822       1820 
      1352       1441       1335       1328       1342       1387       1383       1371       1367       1372       1363       1390 
      1648       1715       1689       1697       1776       1642       1783       1718       1745       1677       1703       1658 
];
router07=[      1322       1211       1308       1192       1278       1208       1333       1187       1298       1206       1331       1197 
      1698       1724       1642       1687       1633       1727       1673       1662       1706       1698       1678       1674 
      1332       1430       1346       1395       1361       1379       1342       1405       1359       1394       1348       1388 
         0          0          0          0          0          0          0          0          0          0          0          0 
      1687       1714       1663       1708       1689       1695       1706       1684       1660       1640       1697       1657 
];
router08=[      1727       1619       1721       1695       1739       1635       1741       1661       1702       1608       1730       1635 
      1217       1327       1213       1334       1237       1356       1210       1344       1221       1320       1210       1325 
         0          0          0          0          0          0          0          0          0          0          0          0 
      1357       1350       1344       1323       1376       1351       1330       1365       1390       1350       1364       1367 
      1749       1653       1660       1639       1628       1686       1692       1743       1730       1647       1697       1704 
];
router09=[      1687       1663       1704       1672       1670       1687       1725       1657       1663       1639       1662       1675 
      1262       1308       1233       1327       1217       1264       1243       1285       1214       1324       1244       1294 
      1316       1372       1300       1422       1322       1371       1330       1485       1347       1369       1351       1424 
      1795       1813       1831       1838       1791       1778       1778       1819       1826       1819       1811       1857 
      1656       1769       1703       1680       1664       1687       1723       1620       1689       1671       1662       1643 
];
router10=[      1684       1668       1701       1724       1730       1640       1716       1750       1701       1676       1751       1656 
      1273       1239       1266       1216       1267       1238       1262       1229       1274       1200       1330       1251 
      1835       1750       1841       1772       1817       1839       1860       1865       1831       1824       1807       1728 
      1341       1356       1382       1380       1366       1362       1350       1393       1359       1411       1358       1352 
      1626       1724       1632       1690       1686       1698       1689       1709       1699       1703       1588       1634 
];
