router00=[         0          0          0          0          0          0          0          0          0          0          0          0 
      4483       4229       4203       4362       4462       4315       4556       4402       4375       4299       4279       4313 
         0          0          0          0          0          0          0          0          0          0          0          0 
      4523       4436       4576       4502       4513       4380       4563       4412       4411       4476       4494       4520 
      5555       5879       5586       5541       5719       5541       5557       5436       5520       5543       5765       5597 
];
router01=[         0          0          0          0          0          0          0          0          0          0          0          0 
      4381       4395       4203       4477       4248       4327       4342       4183       4503       4476       4324       4321 
      5290       5318       5554       5214       5428       5342       5231       5339       5008       5326       5131       5473 
      5966       5905       5848       5944       5950       6018       5975       5873       5967       5960       6078       5932 
      5657       5620       5591       5608       5746       5502       5560       5613       5666       5506       5571       5730 
];
router02=[         0          0          0          0          0          0          0          0          0          0          0          0 
      4231       4514       4427       4409       4634       4435       4295       4353       4346       4498       4292       4243 
      5928       5955       5829       5914       5934       5986       5889       6013       5844       5869       5817       5916 
      5064       4639       4895       5011       4685       4973       5083       4889       5029       5125       5121       4811 
      5898       5639       5486       5771       5550       5681       5432       5579       5695       5657       5600       5739 
];
router03=[         0          0          0          0          0          0          0          0          0          0          0          0 
      4320       4189       4152       4206       4150       4373       4250       4299       4283       4235       4330       4241 
      4377       4479       4504       4455       4311       4465       4444       4434       4419       4487       4332       4484 
         0          0          0          0          0          0          0          0          0          0          0          0 
      5435       5497       5489       5529       5618       5509       5444       5408       5592       5404       5542       5507 
];
router04=[      4296       4227       4155       4161       4277       4214       4203       4236       4202       4323       4398       4257 
      5496       5543       5470       5693       5615       5572       5529       5600       5550       5593       5582       5555 
         0          0          0          0          0          0          0          0          0          0          0          0 
      4411       4336       4438       4429       4448       4456       4472       4436       4460       4410       4437       4368 
      5493       5591       5437       5514       5548       5494       5654       5525       5604       5619       5567       5526 
];
router05=[      4173       4164       4303       4342       4377       4434       4162       4326       4403       4290       4271       4263 
      5597       5656       5604       5586       5883       5636       5818       5640       5499       5844       5427       5550 
      5085       4984       4955       5020       5017       4811       5110       5179       5176       4992       4987       5145 
      6065       5828       5939       5906       5846       5837       5942       5967       5977       5886       5913       5925 
      5610       5625       5601       5474       5712       5713       5562       5566       5636       5640       5674       5588 
];
router06=[      4260       4270       4169       4236       4235       4181       4207       4411       4138       4516       4116       4358 
      5587       5689       5686       5654       5875       5574       5917       5843       5708       5567       5731       5747 
      5972       6070       5987       5964       6020       5956       6035       5990       6041       5891       5893       6002 
      4978       5027       5296       5120       5041       5086       4940       5119       4694       5146       5086       5121 
      5957       6079       5560       5529       5703       5667       5795       5624       5904       5852       6124       5541 
];
router07=[      4187       4317       4177       4153       4241       4155       4156       4245       4130       4220       4135       4185 
      5494       5534       5510       5567       5515       5665       5523       5553       5476       5547       5351       5503 
      4506       4425       4473       4501       4486       4441       4595       4425       4419       4394       4517       4510 
         0          0          0          0          0          0          0          0          0          0          0          0 
      5451       5438       5497       5587       5603       5467       5538       5421       5470       5572       5557       5535 
];
router08=[      5566       5612       5590       5489       5539       5518       5536       5504       5517       5517       5635       5578 
      4069       4215       4118       4249       4143       4191       4038       4145       4059       4197       4063       4163 
         0          0          0          0          0          0          0          0          0          0          0          0 
      4456       4519       4513       4453       4502       4439       4356       4470       4420       4461       4506       4489 
      5666       5507       5450       5520       5526       5515       5463       5520       5498       5544       5464       5427 
];
router09=[      5635       5662       5622       5574       5642       5593       5585       5522       5712       5596       5548       5597 
      4138       4114       4063       4175       4087       4214       4099       4180       4212       4124       4180       4099 
      4687       4590       4583       4593       4727       4627       4535       4598       4614       4642       4614       4733 
      5916       6026       5986       5974       5982       6029       5945       5906       5931       5911       6021       6050 
      5543       5375       5504       5539       5646       5538       5563       5573       5621       5616       5361       5619 
];
router10=[      5823       5756       5677       5796       5681       5832       5794       5815       5613       5774       5635       5635 
      4174       4243       4226       4314       4348       4296       4191       4302       4280       4297       4064       4170 
      6034       5916       5944       5898       6004       5936       5953       5911       5991       5939       6053       5974 
      5034       5126       4770       4910       4817       4948       4809       4913       4973       5090       5146       5013 
      5752       5542       5459       5507       5589       5513       5426       5745       5522       5698       5713       5679 
];
