router00=[         0          0          0          0          0          0          0          0          0          0          0          0 
      3143       3105       3169       3095       3094       3126       3137       3075       3195       3139       3156       3121 
         0          0          0          0          0          0          0          0          0          0          0          0 
      3382       3491       3421       3415       3414       3418       3425       3478       3442       3465       3456       3453 
      4079       4184       4111       4147       4136       4288       4269       4091       4228       4140       4160       4180 
];
router01=[         0          0          0          0          0          0          0          0          0          0          0          0 
      3105       3024       3193       3185       3186       3208       3248       3109       3123       3196       3169       3189 
      3371       3507       3429       3404       3434       3385       3421       3367       3458       3416       3367       3410 
      4469       4670       4546       4589       4503       4595       4526       4657       4492       4580       4518       4616 
      4258       4109       4293       4213       4151       4197       4149       4233       4180       4225       4411       4248 
];
router02=[         0          0          0          0          0          0          0          0          0          0          0          0 
      3171       3073       3116       3192       3129       3171       3178       3235       3123       3186       3245       3158 
      4526       4482       4549       4446       4504       4510       4626       4459       4535       4480       4573       4592 
      3445       3452       3383       3386       3409       3510       3376       3439       3433       3459       3454       3407 
      4045       4207       4257       4165       4182       4236       4243       4257       4182       4267       4113       4259 
];
router03=[         0          0          0          0          0          0          0          0          0          0          0          0 
      3146       3148       3195       3217       3131       3198       3140       3238       3085       3189       3082       3234 
      3383       3395       3404       3397       3498       3369       3397       3394       3410       3316       3440       3349 
         0          0          0          0          0          0          0          0          0          0          0          0 
      4217       4274       4289       4153       4165       4214       4113       4247       4181       4209       4185       4221 
];
router04=[      3150       3103       3122       3120       3125       3161       3152       3152       3110       3157       3172       3151 
      4213       4193       4282       4222       4211       4133       4215       4228       4169       4134       4199       4155 
         0          0          0          0          0          0          0          0          0          0          0          0 
      3379       3383       3375       3389       3377       3403       3377       3464       3396       3360       3450       3449 
      4171       4267       4261       4186       4317       4073       4286       4150       4243       4273       4289       4127 
];
router05=[      3173       3169       3187       3217       3201       3112       3162       3205       3165       3201       3136       3175 
      4116       4180       4111       4292       4130       4207       4226       4330       4209       4246       4195       4223 
      3370       3435       3408       3380       3589       3366       3403       3413       3413       3428       3394       3414 
      4414       4577       4537       4511       4555       4563       4432       4500       4656       4523       4553       4470 
      4228       4145       4196       4224       4300       4251       4263       4102       4258       4337       4179       4236 
];
router06=[      3169       3143       3146       3188       3155       3189       3120       3168       3156       3191       3131       3170 
      4069       4245       4126       4259       4193       4314       4122       4193       4220       4238       4187       4282 
      4539       4638       4603       4555       4679       4535       4565       4507       4632       4451       4564       4588 
      3389       3453       3387       3441       3379       3439       3401       3486       3356       3468       3420       3479 
      4199       4198       4171       4205       4213       4157       4269       4186       4261       4400       4187       4209 
];
router07=[      3165       3173       3115       3225       3099       3185       3171       3185       3115       3180       3126       3248 
      4243       4220       4185       4163       4150       4298       4124       4273       4248       4249       4112       4197 
      3402       3444       3475       3380       3486       3424       3449       3392       3459       3402       3361       3381 
         0          0          0          0          0          0          0          0          0          0          0          0 
      4236       4135       4211       4159       4255       4179       4155       4229       4102       4242       4261       4285 
];
router08=[      4243       4204       4213       4203       4178       4171       4212       4196       4202       4227       4285       4247 
      3113       3264       3111       3171       3146       3183       3124       3180       3114       3157       3110       3145 
         0          0          0          0          0          0          0          0          0          0          0          0 
      3371       3485       3310       3401       3369       3488       3391       3458       3376       3382       3442       3461 
      4307       4204       4197       4236       4297       4190       4163       4075       4322       4219       4138       4249 
];
router09=[      4320       4243       4238       4169       4127       4300       4181       4303       4291       4247       4210       4163 
      3127       3173       3198       3141       3197       3121       3231       3160       3220       3131       3224       3207 
      3355       3394       3398       3414       3415       3393       3421       3408       3481       3419       3500       3481 
      4517       4570       4578       4521       4508       4448       4545       4541       4604       4484       4592       4549 
      4135       4155       4202       4196       4185       4296       4215       4289       4223       4233       4196       4281 
];
router10=[      4189       4286       4194       4272       4290       4166       4289       4193       4207       4222       4233       4217 
      3102       3226       3091       3238       3146       3226       3088       3169       3060       3149       3097       3204 
      4581       4662       4594       4525       4629       4577       4536       4589       4573       4561       4557       4523 
      3292       3445       3421       3383       3536       3451       3408       3462       3383       3397       3495       3516 
      4245       4180       4320       4237       4061       4248       4261       4141       4324       4205       4213       4192 
];
