router00=[         0          0          0          0          0          0          0          0          0          0 
      2139       2604       2280       2460       2078       2484       1859       2577       2178       2489 
         0          0          0          0          0          0          0          0          0          0 
     21719      21170      37668      41994      40472      40992      40117      41032      41636      39631 
         0          0          0          0          0          0          0          0          0          0 
];
router01=[         0          0          0          0          0          0          0          0          0          0 
      1761       1923       1486       1659       1703       1985       1808       2029       1676       1885 
         0          0          0          0          0          0          0          0          0          0 
      5569       5899       9862      11225      10750      11367      11343      11519      12949      11122 
      1664       6467       4299       6854       5463       1162       2971       3621       2591       4650 
];
router02=[         0          0          0          0          0          0          0          0          0          0 
      1970       1204       1410       1333       1662       1717       2000       1405       1494       1368 
         0          0          0          0          0          0          0          0          0          0 
      2328       2323       3339       3598       3715       3473       3091       3490       2997       3727 
       427       2561        259        767       2787       1036        950       1769        766       1552 
];
router03=[         0          0          0          0          0          0          0          0          0          0 
       328        299        469        459        549        442        388        430        415        418 
         0          0          0          0          0          0          0          0          0          0 
         0          0          0          0          0          0          0          0          0          0 
       105         90        149         92        104         81         91        127        120        127 
];
router04=[         0          0          0          0          0          0          0          0          0          0 
       192        179        190        178        189        177        182        169        186        162 
         0          0          0          0          0          0          0          0          0          0 
         0          0          0          0          0          0          0          0          0          0 
        97         80         97         87         81         84         97         75         86         87 
];
router05=[         0          0          0          0          0          0          0          0          0          0 
       182        183        181        181        182        175        188        173        189        235 
         0          0          0          0          0          0          0          0          0          0 
         0          0          0          0          0          0          0          0          0          0 
       109        102         88         94         88         95         85         94         92         77 
];
router06=[         0          0          0          0          0          0          0          0          0          0 
       174        245        215        236        172        300        279        195        255        215 
         0          0          0          0          0          0          0          0          0          0 
         0          0          0          0          0          0          0          0          0          0 
        99         82        141        120        158         86         88         83        108         91 
];
router07=[         0          0          0          0          0          0          0          0          0          0 
       150        207        173        203        157        199        162        199        155        192 
         0          0          0          0          0          0          0          0          0          0 
         0          0          0          0          0          0          0          0          0          0 
        86         91        104         84         76         73         88         89        101        101 
];
router08=[         0          0          0          0          0          0          0          0          0          0 
        77        102         79        104         77        103         77        100         75         99 
         0          0          0          0          0          0          0          0          0          0 
         0          0          0          0          0          0          0          0          0          0 
        96         91         77         96        108         93         94         88         86         81 
];
router09=[         0          0          0          0          0          0          0          0          0          0 
        68        103         73        102         72        101         71        100         70         98 
         0          0          0          0          0          0          0          0          0          0 
         0          0          0          0          0          0          0          0          0          0 
        92         85         96         92         91        101        114        105         90         76 
];
router10=[         0          0          0          0          0          0          0          0          0          0 
        69        117         69        116         68        114         70        110         71        107 
         0          0          0          0          0          0          0          0          0          0 
         0          0          0          0          0          0          0          0          0          0 
        95         92         91        105         96         80         87         89         87         88 
];
router11=[         0          0          0          0          0          0          0          0          0          0 
        72        105         74        106         72        104         73        104         72        103 
         0          0          0          0          0          0          0          0          0          0 
         0          0          0          0          0          0          0          0          0          0 
        95        100         96         89         69         95         94         89         86         85 
];
router12=[         0          0          0          0          0          0          0          0          0          0 
         0          0          0          0          0          0          0          0          0          0 
         0          0          0          0          0          0          0          0          0          0 
         0          0          0          0          0          0          0          0          0          0 
        82         78         81         86         79        104         95         89         87        112 
];
router13=[         0          0          0          0          0          0          0          0          0          0 
         0          0          0          0          0          0          0          0          0          0 
         0          0          0          0          0          0          0          0          0          0 
         0          0          0          0          0          0          0          0          0          0 
        98         93         69         97         83         73         96         83         89         76 
];
