router00=[         0          0          0          0          0          0          0          0          0          0 
      1330       1573       1752       1493       1402       1200       1541       1250       1441       1274 
         0          0          0          0          0          0          0          0          0          0 
     11342      10769      19410      19926      18540      18548      20160      19385      20238      19263 
         0          0          0          0          0          0          0          0          0          0 
];
router01=[         0          0          0          0          0          0          0          0          0          0 
       810        805        717        815        791        807        647        804        719        596 
         0          0          0          0          0          0          0          0          0          0 
      2168       2114       3309       4654       3970       3791       4311       4232       3991       3633 
       228       1973        133        989       1575       2050       1215       1647        997        863 
];
router02=[         0          0          0          0          0          0          0          0          0          0 
       880        494        613        460        793        678        639        593        567        577 
         0          0          0          0          0          0          0          0          0          0 
       724        923        790       1207        964       1700       1174        791       1117        928 
       490         96        207        858         86        648        602        125        634        338 
];
router03=[         0          0          0          0          0          0          0          0          0          0 
       250        272        261        264        279        314        260        277        255        296 
         0          0          0          0          0          0          0          0          0          0 
         0          0          0          0          0          0          0          0          0          0 
       105         92        102        101         81         77         87         86         95        104 
];
router04=[         0          0          0          0          0          0          0          0          0          0 
       137        215        139        215        136        205        140        204        136        202 
         0          0          0          0          0          0          0          0          0          0 
         0          0          0          0          0          0          0          0          0          0 
        97         74         78         86         74         81         97         77         91         84 
];
router05=[         0          0          0          0          0          0          0          0          0          0 
       160        188        161        183        163        182        164        177        159        169 
         0          0          0          0          0          0          0          0          0          0 
         0          0          0          0          0          0          0          0          0          0 
        92         71         93         90         91         92         81         94         86         75 
];
router06=[         0          0          0          0          0          0          0          0          0          0 
       150        196        151        188        153        220        153        198        156        177 
         0          0          0          0          0          0          0          0          0          0 
         0          0          0          0          0          0          0          0          0          0 
        70         76        108         95        103         93         87         79         79         80 
];
router07=[         0          0          0          0          0          0          0          0          0          0 
       159        190        158        180        167        172        167        171        167        171 
         0          0          0          0          0          0          0          0          0          0 
         0          0          0          0          0          0          0          0          0          0 
        87         82        104         76         69         75         87         83         97         94 
];
router08=[         0          0          0          0          0          0          0          0          0          0 
        61        116         63        114         62        114         61        110         61        109 
         0          0          0          0          0          0          0          0          0          0 
         0          0          0          0          0          0          0          0          0          0 
        87         93         79         91         97         85         85         86         79         75 
];
router09=[         0          0          0          0          0          0          0          0          0          0 
        46        119         47        119         47        117         46        116         46        113 
         0          0          0          0          0          0          0          0          0          0 
         0          0          0          0          0          0          0          0          0          0 
        86         76         83         86         83        102        107        100         95         71 
];
router10=[         0          0          0          0          0          0          0          0          0          0 
        68        109         67        107         66        104         67        102         65        100 
         0          0          0          0          0          0          0          0          0          0 
         0          0          0          0          0          0          0          0          0          0 
        87         89         87         98         87         72         82         88         75         79 
];
router11=[         0          0          0          0          0          0          0          0          0          0 
        62        105         66        104         66        104         65        101         64        100 
         0          0          0          0          0          0          0          0          0          0 
         0          0          0          0          0          0          0          0          0          0 
        94        100         89         97         59         93         83         89         81         79 
];
router12=[         0          0          0          0          0          0          0          0          0          0 
         0          0          0          0          0          0          0          0          0          0 
         0          0          0          0          0          0          0          0          0          0 
         0          0          0          0          0          0          0          0          0          0 
        77         76         82         91         77         90         97         92         81        108 
];
router13=[         0          0          0          0          0          0          0          0          0          0 
         0          0          0          0          0          0          0          0          0          0 
         0          0          0          0          0          0          0          0          0          0 
         0          0          0          0          0          0          0          0          0          0 
        87         84         67         98         81         70         92         79         84         74 
];
