router00=[         0          0          0          0          0          0          0          0          0          0 
       656        738        705        759        746        720        841        689        770        749 
         0          0          0          0          0          0          0          0          0          0 
      4364       4400       6527       6744       7607       7426       6775       6860       7082       7246 
         0          0          0          0          0          0          0          0          0          0 
];
router01=[         0          0          0          0          0          0          0          0          0          0 
       444        292        327        322        347        288        339        277        388        355 
         0          0          0          0          0          0          0          0          0          0 
      1082       1096       1457       1432       1244       1260       1119       1369       1318       1296 
       128        181        761       1019        644         86         76        144        124        369 
];
router02=[         0          0          0          0          0          0          0          0          0          0 
       226        263        301        265        273        245        241        253        254        305 
         0          0          0          0          0          0          0          0          0          0 
       369        358        460        386        380        321        441        366        381        449 
        74         77         69        104         97         77        162        145         82        200 
];
router03=[         0          0          0          0          0          0          0          0          0          0 
       259        241        251        239        244        239        242        232        247        229 
         0          0          0          0          0          0          0          0          0          0 
         0          0          0          0          0          0          0          0          0          0 
        97         84         79         98         84         79         78         84         73         78 
];
router04=[         0          0          0          0          0          0          0          0          0          0 
       140        190        141        181        140        176        142        175        142        170 
         0          0          0          0          0          0          0          0          0          0 
         0          0          0          0          0          0          0          0          0          0 
       101         73         76         81         68         76         81         70         88         79 
];
router05=[         0          0          0          0          0          0          0          0          0          0 
       132        184        133        184        131        177        132        175        131        166 
         0          0          0          0          0          0          0          0          0          0 
         0          0          0          0          0          0          0          0          0          0 
        81         74         76         75         79         86         68         82         74         68 
];
router06=[         0          0          0          0          0          0          0          0          0          0 
       110        209        115        203        112        201        115        200        113        193 
         0          0          0          0          0          0          0          0          0          0 
         0          0          0          0          0          0          0          0          0          0 
        72         69         75         87         93         96         84         73         72         78 
];
router07=[         0          0          0          0          0          0          0          0          0          0 
       137        188        137        184        141        179        138        180        137        174 
         0          0          0          0          0          0          0          0          0          0 
         0          0          0          0          0          0          0          0          0          0 
        82         76         95         76         66         71         84         87         91         88 
];
router08=[         0          0          0          0          0          0          0          0          0          0 
        55        115         55        110         56        110         55        108         55        105 
         0          0          0          0          0          0          0          0          0          0 
         0          0          0          0          0          0          0          0          0          0 
        73         81         74         80         83         79         77         83         76         66 
];
router09=[         0          0          0          0          0          0          0          0          0          0 
        46        108         47        106         47        104         47        104         47        100 
         0          0          0          0          0          0          0          0          0          0 
         0          0          0          0          0          0          0          0          0          0 
        77         72         72         77         76         93         88         80         87         68 
];
router10=[         0          0          0          0          0          0          0          0          0          0 
        41        120         43        117         45        114         43        113         41        113 
         0          0          0          0          0          0          0          0          0          0 
         0          0          0          0          0          0          0          0          0          0 
        89         87         82         87         88         60         74         76         73         62 
];
router11=[         0          0          0          0          0          0          0          0          0          0 
        72         86         74         84         73         81         73         81         71         78 
         0          0          0          0          0          0          0          0          0          0 
         0          0          0          0          0          0          0          0          0          0 
        90         95         89         82         64         90         77         81         80         73 
];
router12=[         0          0          0          0          0          0          0          0          0          0 
         0          0          0          0          0          0          0          0          0          0 
         0          0          0          0          0          0          0          0          0          0 
         0          0          0          0          0          0          0          0          0          0 
        71         65         75         91         80         92         86         83         84         97 
];
router13=[         0          0          0          0          0          0          0          0          0          0 
         0          0          0          0          0          0          0          0          0          0 
         0          0          0          0          0          0          0          0          0          0 
         0          0          0          0          0          0          0          0          0          0 
        74         69         63         95         84         55         84         73         81         77 
];
