router00=[         0          0          0          0          0          0          0          0          0          0 
      2493       2746       2683       2510       2596       2702       2928       2593       2600       2904 
         0          0          0          0          0          0          0          0          0          0 
     26345      24964      48628      53198      48892      52364      50834      52923      52547      51915 
         0          0          0          0          0          0          0          0          0          0 
];
router01=[         0          0          0          0          0          0          0          0          0          0 
      2433       2510       2520       2197       2881       2258       2404       2273       2653       2611 
         0          0          0          0          0          0          0          0          0          0 
      9043       8263      15352      16510      15347      15172      16132      15986      16419      16518 
      2909       4852      10967       6585       3698       3257       3714      13598       6303       6401 
];
router02=[         0          0          0          0          0          0          0          0          0          0 
      2033       1904       1842       2843       2246       2246       2435       2439       2460       2716 
         0          0          0          0          0          0          0          0          0          0 
      2351       2356       4343       4239       4289       4797       3500       4309       4659       4566 
      4680       2322       1352       1451       1477       1213       1248       1336       2033       2479 
];
router03=[         0          0          0          0          0          0          0          0          0          0 
       281        275        361        398        323        413        287        367        324        406 
         0          0          0          0          0          0          0          0          0          0 
         0          0          0          0          0          0          0          0          0          0 
       130        132         96        106        135         86         81        114        131        167 
];
router04=[         0          0          0          0          0          0          0          0          0          0 
       161        204        167        202        168        194        168        188        167        191 
         0          0          0          0          0          0          0          0          0          0 
         0          0          0          0          0          0          0          0          0          0 
        97         77         94         87         84         86         97         76         92         81 
];
router05=[         0          0          0          0          0          0          0          0          0          0 
       180        187        204        188        185        182        182        223        195        175 
         0          0          0          0          0          0          0          0          0          0 
         0          0          0          0          0          0          0          0          0          0 
       103         75         90         97         89        130         89         92         88         77 
];
router06=[         0          0          0          0          0          0          0          0          0          0 
       176        254        184        210        204        199        165        256        176        200 
         0          0          0          0          0          0          0          0          0          0 
         0          0          0          0          0          0          0          0          0          0 
        70         89        105        135        102        100         85         90        130        117 
];
router07=[         0          0          0          0          0          0          0          0          0          0 
       166        231        219        191        171        193        169        187        168        179 
         0          0          0          0          0          0          0          0          0          0 
         0          0          0          0          0          0          0          0          0          0 
        88        118        105         79         76         74         91         83        100        100 
];
router08=[         0          0          0          0          0          0          0          0          0          0 
        78        104         78        102         78        100         80         97         81         98 
         0          0          0          0          0          0          0          0          0          0 
         0          0          0          0          0          0          0          0          0          0 
        97         92         78         95        107         96         95         89         86         81 
];
router09=[         0          0          0          0          0          0          0          0          0          0 
        81         98         80         97         82         96         81         94         81         90 
         0          0          0          0          0          0          0          0          0          0 
         0          0          0          0          0          0          0          0          0          0 
       103         87         91         89         93        102        117        104         90         76 
];
router10=[         0          0          0          0          0          0          0          0          0          0 
        75        111         77        107         77        109         73        106         75        104 
         0          0          0          0          0          0          0          0          0          0 
         0          0          0          0          0          0          0          0          0          0 
        95         93         93        104         95         78         87         95         86         89 
];
router11=[         0          0          0          0          0          0          0          0          0          0 
        87         93         87         93         87         91         88         90         87         88 
         0          0          0          0          0          0          0          0          0          0 
         0          0          0          0          0          0          0          0          0          0 
        92        106         99         95         65         98         90         86         83         81 
];
router12=[         0          0          0          0          0          0          0          0          0          0 
         0          0          0          0          0          0          0          0          0          0 
         0          0          0          0          0          0          0          0          0          0 
         0          0          0          0          0          0          0          0          0          0 
        86         75         80         84         80        103         97         89         90        110 
];
router13=[         0          0          0          0          0          0          0          0          0          0 
         0          0          0          0          0          0          0          0          0          0 
         0          0          0          0          0          0          0          0          0          0 
         0          0          0          0          0          0          0          0          0          0 
       103         98         68         95         85         77         95         83         92         84 
];
