router00=[         0          0          0          0          0          0          0          0          0          0 
       146        204        152        193        170        189        141        183        139        181 
         0          0          0          0          0          0          0          0          0          0 
       653        710        660        702        709        708        678        740        689        697 
         0          0          0          0          0          0          0          0          0          0 
];
router01=[         0          0          0          0          0          0          0          0          0          0 
       141        189        140        189        142        186        132        187        145        178 
         0          0          0          0          0          0          0          0          0          0 
       426        450        444        438        435        438        443        429        437        440 
        55         62         74         58         54         60         63         60         52         68 
];
router02=[         0          0          0          0          0          0          0          0          0          0 
       151        187        149        186        148        183        153        178        150        171 
         0          0          0          0          0          0          0          0          0          0 
       183        265        186        265        185        254        183        252        182        255 
        52         44         44         45         44         52         59         55         55         64 
];
router03=[         0          0          0          0          0          0          0          0          0          0 
       157        179        159        176        158        174        157        168        156        168 
         0          0          0          0          0          0          0          0          0          0 
         0          0          0          0          0          0          0          0          0          0 
        62         56         61         53         54         43         61         52         49         66 
];
router04=[         0          0          0          0          0          0          0          0          0          0 
        73        150         76        146         78        142         78        140         74        137 
         0          0          0          0          0          0          0          0          0          0 
         0          0          0          0          0          0          0          0          0          0 
        65         51         48         53         53         45         66         55         51         60 
];
router05=[         0          0          0          0          0          0          0          0          0          0 
        75        139         75        138         76        133         74        124         73        122 
         0          0          0          0          0          0          0          0          0          0 
         0          0          0          0          0          0          0          0          0          0 
        66         51         56         62         62         74         50         64         53         50 
];
router06=[         0          0          0          0          0          0          0          0          0          0 
        71        150         74        148         74        140         74        137         72        132 
         0          0          0          0          0          0          0          0          0          0 
         0          0          0          0          0          0          0          0          0          0 
        41         46         55         68         64         72         53         63         55         63 
];
router07=[         0          0          0          0          0          0          0          0          0          0 
        69        154         71        151         71        146         68        142         67        139 
         0          0          0          0          0          0          0          0          0          0 
         0          0          0          0          0          0          0          0          0          0 
        53         62         62         48         50         68         57         54         64         55 
];
router08=[         0          0          0          0          0          0          0          0          0          0 
        37         76         38         73         38         71         38         68         38         67 
         0          0          0          0          0          0          0          0          0          0 
         0          0          0          0          0          0          0          0          0          0 
        53         57         61         59         59         59         45         56         53         47 
];
router09=[         0          0          0          0          0          0          0          0          0          0 
        17         90         18         90         17         87         17         83         17         83 
         0          0          0          0          0          0          0          0          0          0 
         0          0          0          0          0          0          0          0          0          0 
        48         54         40         51         44         59         54         46         62         53 
];
router10=[         0          0          0          0          0          0          0          0          0          0 
        22         94         23         94         23         90         22         88         22         87 
         0          0          0          0          0          0          0          0          0          0 
         0          0          0          0          0          0          0          0          0          0 
        64         53         52         52         51         47         42         48         39         59 
];
router11=[         0          0          0          0          0          0          0          0          0          0 
        21         84         23         83         22         82         22         78         22         77 
         0          0          0          0          0          0          0          0          0          0 
         0          0          0          0          0          0          0          0          0          0 
        61         70         57         56         37         69         51         47         58         58 
];
router12=[         0          0          0          0          0          0          0          0          0          0 
         0          0          0          0          0          0          0          0          0          0 
         0          0          0          0          0          0          0          0          0          0 
         0          0          0          0          0          0          0          0          0          0 
        49         62         56         59         43         50         53         49         62         61 
];
router13=[         0          0          0          0          0          0          0          0          0          0 
         0          0          0          0          0          0          0          0          0          0 
         0          0          0          0          0          0          0          0          0          0 
         0          0          0          0          0          0          0          0          0          0 
        47         53         47         58         58         42         56         63         45         50 
];
