router00=[         0          0          0          0          0          0          0          0          0          0 
       565        987        598        769        861       1005        791        731        776        705 
         0          0          0          0          0          0          0          0          0          0 
      4809       5121       7911       8465       8664       8032       8433       7928       8136       7460 
         0          0          0          0          0          0          0          0          0          0 
];
router01=[         0          0          0          0          0          0          0          0          0          0 
       370        334        397        449        353        307        357        388        321        351 
         0          0          0          0          0          0          0          0          0          0 
       928        970       1150       1131       1143        958       1158       1173       1275       1195 
       144        145        168        415        324        149        138        493        118        116 
];
router02=[         0          0          0          0          0          0          0          0          0          0 
       235        282        242        283        230        270        250        256        235        288 
         0          0          0          0          0          0          0          0          0          0 
       313        355        337        338        359        342        341        341        347        354 
        84         87         72         83         83         84         83         69         80         62 
];
router03=[         0          0          0          0          0          0          0          0          0          0 
       230        270        232        265        236        265        230        261        230        253 
         0          0          0          0          0          0          0          0          0          0 
         0          0          0          0          0          0          0          0          0          0 
       104         80         91         95         84         72         78         92         71         87 
];
router04=[         0          0          0          0          0          0          0          0          0          0 
       144        190        149        188        141        187        143        185        141        180 
         0          0          0          0          0          0          0          0          0          0 
         0          0          0          0          0          0          0          0          0          0 
        95         75         78         82         72         74         87         79         87         81 
];
router05=[         0          0          0          0          0          0          0          0          0          0 
       122        203        127        196        132        191        131        189        129        189 
         0          0          0          0          0          0          0          0          0          0 
         0          0          0          0          0          0          0          0          0          0 
        82         75         83         74         80         96         73         83         79         70 
];
router06=[         0          0          0          0          0          0          0          0          0          0 
       131        203        128        197        130        193        132        189        131        183 
         0          0          0          0          0          0          0          0          0          0 
         0          0          0          0          0          0          0          0          0          0 
        68         70         86         83         91         95         86         82         75         85 
];
router07=[         0          0          0          0          0          0          0          0          0          0 
       157        179        156        174        161        167        161        164        160        159 
         0          0          0          0          0          0          0          0          0          0 
         0          0          0          0          0          0          0          0          0          0 
        85         79         95         80         64         74         85         85         96         90 
];
router08=[         0          0          0          0          0          0          0          0          0          0 
        55        118         55        115         57        114         53        115         53        111 
         0          0          0          0          0          0          0          0          0          0 
         0          0          0          0          0          0          0          0          0          0 
        75         87         76         82         88         82         82         80         75         74 
];
router09=[         0          0          0          0          0          0          0          0          0          0 
        33        126         33        124         33        121         34        119         33        117 
         0          0          0          0          0          0          0          0          0          0 
         0          0          0          0          0          0          0          0          0          0 
        83         76         78         78         80         90         97         90         95         68 
];
router10=[         0          0          0          0          0          0          0          0          0          0 
        33        130         34        127         35        127         35        125         35        121 
         0          0          0          0          0          0          0          0          0          0 
         0          0          0          0          0          0          0          0          0          0 
        89         94         83         88         90         66         77         80         75         73 
];
router11=[         0          0          0          0          0          0          0          0          0          0 
        84         77         87         76         88         76         88         73         86         71 
         0          0          0          0          0          0          0          0          0          0 
         0          0          0          0          0          0          0          0          0          0 
        91         99         87         83         61         95         79         84         80         73 
];
router12=[         0          0          0          0          0          0          0          0          0          0 
         0          0          0          0          0          0          0          0          0          0 
         0          0          0          0          0          0          0          0          0          0 
         0          0          0          0          0          0          0          0          0          0 
        64         70         80         92         78         97         89         86         88        102 
];
router13=[         0          0          0          0          0          0          0          0          0          0 
         0          0          0          0          0          0          0          0          0          0 
         0          0          0          0          0          0          0          0          0          0 
         0          0          0          0          0          0          0          0          0          0 
        76         75         63         97         83         58         86         74         84         77 
];
