router00=[         0          0          0          0          0          0          0          0          0          0 
      1121       1535       1356       1436       1357       1264       1108       1316       1142       1274 
         0          0          0          0          0          0          0          0          0          0 
      9478       9991      17164      17216      17655      17250      16993      16864      17871      16094 
         0          0          0          0          0          0          0          0          0          0 
];
router01=[         0          0          0          0          0          0          0          0          0          0 
       650        575        726        688        676        615        657        725        793        604 
         0          0          0          0          0          0          0          0          0          0 
      2058       2224       3448       3199       3220       3621       3319       3298       3055       3606 
       293       2285       1013        418        501        481        650        171       1288        129 
];
router02=[         0          0          0          0          0          0          0          0          0          0 
       562        711        782        888        656        703        540        480        599        632 
         0          0          0          0          0          0          0          0          0          0 
       658        531        670        811       1101        818        803        710       1111        970 
       147        450        320        675        249         91        319        590        491        681 
];
router03=[         0          0          0          0          0          0          0          0          0          0 
       240        267        244        260        258        259        245        256        242        261 
         0          0          0          0          0          0          0          0          0          0 
         0          0          0          0          0          0          0          0          0          0 
       104         92        105        118         92         79         85         87         87         95 
];
router04=[         0          0          0          0          0          0          0          0          0          0 
       152        194        159        190        155        187        153        185        152        182 
         0          0          0          0          0          0          0          0          0          0 
         0          0          0          0          0          0          0          0          0          0 
        93         73         80         84         77         80         96         76         93         88 
];
router05=[         0          0          0          0          0          0          0          0          0          0 
       156        189        154        187        156        186        152        175        156        171 
         0          0          0          0          0          0          0          0          0          0 
         0          0          0          0          0          0          0          0          0          0 
        86         75         83         82         94         94         76         88         83         79 
];
router06=[         0          0          0          0          0          0          0          0          0          0 
       142        202        144        190        149        191        146        188        144        187 
         0          0          0          0          0          0          0          0          0          0 
         0          0          0          0          0          0          0          0          0          0 
        68         79         92         97        105         91         86         80         81         82 
];
router07=[         0          0          0          0          0          0          0          0          0          0 
       150        190        147        189        150        185        150        183        150        178 
         0          0          0          0          0          0          0          0          0          0 
         0          0          0          0          0          0          0          0          0          0 
        85         77        104         79         70         75         86         81         95         93 
];
router08=[         0          0          0          0          0          0          0          0          0          0 
        65        111         67        110         65        108         65        108         65        107 
         0          0          0          0          0          0          0          0          0          0 
         0          0          0          0          0          0          0          0          0          0 
        83         91         78         89         93         85         81         86         80         72 
];
router09=[         0          0          0          0          0          0          0          0          0          0 
        46        122         43        120         43        114         45        115         45        112 
         0          0          0          0          0          0          0          0          0          0 
         0          0          0          0          0          0          0          0          0          0 
        86         76         79         87         83        100        101        101         96         67 
];
router10=[         0          0          0          0          0          0          0          0          0          0 
        50        121         51        118         54        115         55        114         52        114 
         0          0          0          0          0          0          0          0          0          0 
         0          0          0          0          0          0          0          0          0          0 
        89         89         90         97         83         67         86         84         75         77 
];
router11=[         0          0          0          0          0          0          0          0          0          0 
        77         90         79         90         78         86         79         84         79         84 
         0          0          0          0          0          0          0          0          0          0 
         0          0          0          0          0          0          0          0          0          0 
        91        101         88         87         58         96         80         88         77         76 
];
router12=[         0          0          0          0          0          0          0          0          0          0 
         0          0          0          0          0          0          0          0          0          0 
         0          0          0          0          0          0          0          0          0          0 
         0          0          0          0          0          0          0          0          0          0 
        70         79         83         95         76         95         90         92         85        106 
];
router13=[         0          0          0          0          0          0          0          0          0          0 
         0          0          0          0          0          0          0          0          0          0 
         0          0          0          0          0          0          0          0          0          0 
         0          0          0          0          0          0          0          0          0          0 
        84         77         70        101         77         71         95         75         83         72 
];
