router00=[         0          0          0          0          0          0          0          0          0          0 
      1045       1188       1084       1101        947       1310       1073       1010       1100       1066 
         0          0          0          0          0          0          0          0          0          0 
      8336       8094      13788      13843      12987      14152      14057      13964      13899      13586 
         0          0          0          0          0          0          0          0          0          0 
];
router01=[         0          0          0          0          0          0          0          0          0          0 
       689        661        663        485        534        636        777        594        586        610 
         0          0          0          0          0          0          0          0          0          0 
      1823       1744       2981       2641       3186       3564       2801       3010       2764       2984 
       547        679       1807        304       1152       1548       1363        355       1061       1218 
];
router02=[         0          0          0          0          0          0          0          0          0          0 
       416        409        368        352        497        574        392        468        356        535 
         0          0          0          0          0          0          0          0          0          0 
       674        634        722        751        651        720        667        639        768        838 
        73         74         68        766        275        159        425        186         80        998 
];
router03=[         0          0          0          0          0          0          0          0          0          0 
       238        264        245        263        243        294        241        261        241        248 
         0          0          0          0          0          0          0          0          0          0 
         0          0          0          0          0          0          0          0          0          0 
       102         87         96        104         87         78         86         93         75         97 
];
router04=[         0          0          0          0          0          0          0          0          0          0 
       152        190        154        191        148        183        156        176        155        176 
         0          0          0          0          0          0          0          0          0          0 
         0          0          0          0          0          0          0          0          0          0 
        94         74         82         85         76         81         90         79         90         82 
];
router05=[         0          0          0          0          0          0          0          0          0          0 
       195        160        177        158        174        158        184        174        171        149 
         0          0          0          0          0          0          0          0          0          0 
         0          0          0          0          0          0          0          0          0          0 
        81         75         87         75         84         99         74         81         84         83 
];
router06=[         0          0          0          0          0          0          0          0          0          0 
       135        208        134        206        128        199        138        194        140        189 
         0          0          0          0          0          0          0          0          0          0 
         0          0          0          0          0          0          0          0          0          0 
        67         70         91         87         94         95         92         86         87         79 
];
router07=[         0          0          0          0          0          0          0          0          0          0 
       149        192        152        184        153        180        155        175        151        175 
         0          0          0          0          0          0          0          0          0          0 
         0          0          0          0          0          0          0          0          0          0 
        87         76         98         76         66         79         86         83         97         96 
];
router08=[         0          0          0          0          0          0          0          0          0          0 
        53        120         56        118         55        117         56        116         54        113 
         0          0          0          0          0          0          0          0          0          0 
         0          0          0          0          0          0          0          0          0          0 
        79         86         76         89         90         87         82         81         80         72 
];
router09=[         0          0          0          0          0          0          0          0          0          0 
        27        136         28        134         27        131         28        130         26        128 
         0          0          0          0          0          0          0          0          0          0 
         0          0          0          0          0          0          0          0          0          0 
        84         77         78         82         80         97         97         96         97         67 
];
router10=[         0          0          0          0          0          0          0          0          0          0 
        47        123         46        119         49        116         51        115         48        114 
         0          0          0          0          0          0          0          0          0          0 
         0          0          0          0          0          0          0          0          0          0 
        87         94         87         99         88         69         85         86         75         75 
];
router11=[         0          0          0          0          0          0          0          0          0          0 
        61        107         61        106         60        105         59        104         59        101 
         0          0          0          0          0          0          0          0          0          0 
         0          0          0          0          0          0          0          0          0          0 
        91        101         92         87         61         97         79         82         78         75 
];
router12=[         0          0          0          0          0          0          0          0          0          0 
         0          0          0          0          0          0          0          0          0          0 
         0          0          0          0          0          0          0          0          0          0 
         0          0          0          0          0          0          0          0          0          0 
        69         74         81         93         78         98         89         91         84        101 
];
router13=[         0          0          0          0          0          0          0          0          0          0 
         0          0          0          0          0          0          0          0          0          0 
         0          0          0          0          0          0          0          0          0          0 
         0          0          0          0          0          0          0          0          0          0 
        81         76         67        100         83         68         90         73         83         74 
];
