router00=[         0          0          0          0          0          0          0          0          0          0 
       847        918        856       1081        865       1044       1042        948        968        778 
         0          0          0          0          0          0          0          0          0          0 
      6041       6236      11002      10464      10854      10281      10975       9944      10023      10307 
         0          0          0          0          0          0          0          0          0          0 
];
router01=[         0          0          0          0          0          0          0          0          0          0 
       443        454        375        474        537        532        393        375        459        460 
         0          0          0          0          0          0          0          0          0          0 
      1214        984       1311       1345       1316       1474       1141       1268       1415       1672 
       224        556        210        408         95        348        231        294        468         85 
];
router02=[         0          0          0          0          0          0          0          0          0          0 
       243        264        252        262        271        334        267        251        242        261 
         0          0          0          0          0          0          0          0          0          0 
       333        403        400        351        365        343        374        330        339        337 
        83        158         73         97        105         80        110        101         68         72 
];
router03=[         0          0          0          0          0          0          0          0          0          0 
       226        279        227        272        231        271        228        271        228        260 
         0          0          0          0          0          0          0          0          0          0 
         0          0          0          0          0          0          0          0          0          0 
       105         84         95         95         77         76         80         92         73         87 
];
router04=[         0          0          0          0          0          0          0          0          0          0 
       128        209        131        208        131        204        128        199        128        199 
         0          0          0          0          0          0          0          0          0          0 
         0          0          0          0          0          0          0          0          0          0 
        93         76         78         83         82         82         89         76         86         79 
];
router05=[         0          0          0          0          0          0          0          0          0          0 
       154        177        157        173        155        171        157        167        154        165 
         0          0          0          0          0          0          0          0          0          0 
         0          0          0          0          0          0          0          0          0          0 
        85         75         86         76         81         95         76         84         79         76 
];
router06=[         0          0          0          0          0          0          0          0          0          0 
       140        193        142        193        140        190        139        187        138        182 
         0          0          0          0          0          0          0          0          0          0 
         0          0          0          0          0          0          0          0          0          0 
        67         68         86         86         95         96         81         84         80         83 
];
router07=[         0          0          0          0          0          0          0          0          0          0 
       162        174        168        168        168        166        167        165        161        159 
         0          0          0          0          0          0          0          0          0          0 
         0          0          0          0          0          0          0          0          0          0 
        83         77         94         79         63         76         87         86         96         94 
];
router08=[         0          0          0          0          0          0          0          0          0          0 
        46        130         45        128         45        127         46        123         47        121 
         0          0          0          0          0          0          0          0          0          0 
         0          0          0          0          0          0          0          0          0          0 
        78         84         75         85         87         84         79         83         77         75 
];
router09=[         0          0          0          0          0          0          0          0          0          0 
        47        113         47        110         47        108         47        108         45        105 
         0          0          0          0          0          0          0          0          0          0 
         0          0          0          0          0          0          0          0          0          0 
        85         76         80         79         83         94         96         94         99         65 
];
router10=[         0          0          0          0          0          0          0          0          0          0 
        45        122         44        121         45        119         42        116         44        113 
         0          0          0          0          0          0          0          0          0          0 
         0          0          0          0          0          0          0          0          0          0 
        86         93         87         92         91         65         83         84         77         75 
];
router11=[         0          0          0          0          0          0          0          0          0          0 
        62        106         64        105         62        103         62        100         62         97 
         0          0          0          0          0          0          0          0          0          0 
         0          0          0          0          0          0          0          0          0          0 
        89        101         89         87         60         97         78         79         81         73 
];
router12=[         0          0          0          0          0          0          0          0          0          0 
         0          0          0          0          0          0          0          0          0          0 
         0          0          0          0          0          0          0          0          0          0 
         0          0          0          0          0          0          0          0          0          0 
        68         72         84         90         77         98         89         92         85        103 
];
router13=[         0          0          0          0          0          0          0          0          0          0 
         0          0          0          0          0          0          0          0          0          0 
         0          0          0          0          0          0          0          0          0          0 
         0          0          0          0          0          0          0          0          0          0 
        78         72         61         97         83         61         90         75         84         76 
];
