router00=[         0          0          0          0          0          0          0          0          0          0 
      1942       2027       1867       1865       2114       1915       2004       1656       2005       1720 
         0          0          0          0          0          0          0          0          0          0 
     17334      16501      29750      31352      30157      30140      29990      29634      30633      29600 
         0          0          0          0          0          0          0          0          0          0 
];
router01=[         0          0          0          0          0          0          0          0          0          0 
      1362        958       1330       1089       1024        992       1221       1061       1174       1084 
         0          0          0          0          0          0          0          0          0          0 
      3640       3533       5536       6728       6467       6337       6597       6989       6618       5675 
      1719       1980       1269       2371       4246       3469       1500       2697       3229       1875 
];
router02=[         0          0          0          0          0          0          0          0          0          0 
       702        949        793        981       1224       1540       1130       1108       1107        951 
         0          0          0          0          0          0          0          0          0          0 
       930       1310       1943       1950       1754       1604       2242       1625       1444       1514 
       515        490        793         83       1508       1121        165       1039        114        130 
];
router03=[         0          0          0          0          0          0          0          0          0          0 
       269        285        279        289        285        268        273        254        350        358 
         0          0          0          0          0          0          0          0          0          0 
         0          0          0          0          0          0          0          0          0          0 
       109         89        104         94        135         74         84         94         92        114 
];
router04=[         0          0          0          0          0          0          0          0          0          0 
       175        185        175        178        182        174        181        169        181        167 
         0          0          0          0          0          0          0          0          0          0 
         0          0          0          0          0          0          0          0          0          0 
        97         74         88         90         79         82         98         81         84         90 
];
router05=[         0          0          0          0          0          0          0          0          0          0 
       173        186        171        184        173        180        176        172        175        170 
         0          0          0          0          0          0          0          0          0          0 
         0          0          0          0          0          0          0          0          0          0 
        90         73         94         86         93         93         85         92         86         81 
];
router06=[         0          0          0          0          0          0          0          0          0          0 
       204        202        152        204        186        203        231        196        155        223 
         0          0          0          0          0          0          0          0          0          0 
         0          0          0          0          0          0          0          0          0          0 
        66         76         96         92        103        117        114         86         92         84 
];
router07=[         0          0          0          0          0          0          0          0          0          0 
       157        206        161        196        164        193        158        192        156        192 
         0          0          0          0          0          0          0          0          0          0 
         0          0          0          0          0          0          0          0          0          0 
        84         84        102         80         74         74         88         84         98        102 
];
router08=[         0          0          0          0          0          0          0          0          0          0 
        65        112         68        113         66        111         65        110         64        107 
         0          0          0          0          0          0          0          0          0          0 
         0          0          0          0          0          0          0          0          0          0 
        94         93         74         97        103         86         87         92         79         81 
];
router09=[         0          0          0          0          0          0          0          0          0          0 
        56        113         57        108         60        108         59        108         56        108 
         0          0          0          0          0          0          0          0          0          0 
         0          0          0          0          0          0          0          0          0          0 
        95         82         89         90         92        100        116        102         92         69 
];
router10=[         0          0          0          0          0          0          0          0          0          0 
        61        120         63        118         63        118         62        114         62        112 
         0          0          0          0          0          0          0          0          0          0 
         0          0          0          0          0          0          0          0          0          0 
        90         90         91        103         91         71         84         87         83         82 
];
router11=[         0          0          0          0          0          0          0          0          0          0 
        65        115         65        114         66        111         67        109         65        107 
         0          0          0          0          0          0          0          0          0          0 
         0          0          0          0          0          0          0          0          0          0 
        94         98        100         91         69         93         93         85         82         84 
];
router12=[         0          0          0          0          0          0          0          0          0          0 
         0          0          0          0          0          0          0          0          0          0 
         0          0          0          0          0          0          0          0          0          0 
         0          0          0          0          0          0          0          0          0          0 
        81         78         78         89         77        101         94         86         85        112 
];
router13=[         0          0          0          0          0          0          0          0          0          0 
         0          0          0          0          0          0          0          0          0          0 
         0          0          0          0          0          0          0          0          0          0 
         0          0          0          0          0          0          0          0          0          0 
        91         88         66        100         85         68         93         80         86         75 
];
