router00=[         0          0          0          0          0          0          0          0          0          0 
       643        996        625        859        559        751        727        718        827        717 
         0          0          0          0          0          0          0          0          0          0 
      4058       4321       6851       6718       6899       7521       6549       6272       6617       6263 
         0          0          0          0          0          0          0          0          0          0 
];
router01=[         0          0          0          0          0          0          0          0          0          0 
       273        290        326        267        261        277        295        321        268        263 
         0          0          0          0          0          0          0          0          0          0 
       848        945        986        838        893       1074        925       1080       1164        994 
       114        384        188        136        375        121        446        132        113         90 
];
router02=[         0          0          0          0          0          0          0          0          0          0 
       259        253        253        254        297        250        246        260        278        236 
         0          0          0          0          0          0          0          0          0          0 
       318        352        389        398        332        349        342        377        300        345 
        96         99         73         78        142         76         96         71        145        101 
];
router03=[         0          0          0          0          0          0          0          0          0          0 
       223        258        229        253        233        246        231        246        227        246 
         0          0          0          0          0          0          0          0          0          0 
         0          0          0          0          0          0          0          0          0          0 
       100         73         85         90         84         76         83         83         73         78 
];
router04=[         0          0          0          0          0          0          0          0          0          0 
       143        182        147        172        146        170        146        167        146        164 
         0          0          0          0          0          0          0          0          0          0 
         0          0          0          0          0          0          0          0          0          0 
       102         72         76         82         64         75         80         70         92         81 
];
router05=[         0          0          0          0          0          0          0          0          0          0 
       110        203        113        195        112        197        110        192        113        190 
         0          0          0          0          0          0          0          0          0          0 
         0          0          0          0          0          0          0          0          0          0 
        84         76         74         74         73         87         71         76         76         72 
];
router06=[         0          0          0          0          0          0          0          0          0          0 
       151        163        154        162        155        158        156        154        154        148 
         0          0          0          0          0          0          0          0          0          0 
         0          0          0          0          0          0          0          0          0          0 
        67         64         75         90         92         94         83         73         71         77 
];
router07=[         0          0          0          0          0          0          0          0          0          0 
       155        173        154        168        152        166        150        159        154        155 
         0          0          0          0          0          0          0          0          0          0 
         0          0          0          0          0          0          0          0          0          0 
        84         74         90         75         67         73         80         83         92         85 
];
router08=[         0          0          0          0          0          0          0          0          0          0 
        60        107         61        107         61        104         60        101         61        100 
         0          0          0          0          0          0          0          0          0          0 
         0          0          0          0          0          0          0          0          0          0 
        72         77         75         83         80         80         78         76         76         65 
];
router09=[         0          0          0          0          0          0          0          0          0          0 
        44        108         46        107         46        105         45        106         44        102 
         0          0          0          0          0          0          0          0          0          0 
         0          0          0          0          0          0          0          0          0          0 
        75         73         68         80         76         90         90         80         83         67 
];
router10=[         0          0          0          0          0          0          0          0          0          0 
        44        115         45        115         43        112         44        109         45        108 
         0          0          0          0          0          0          0          0          0          0 
         0          0          0          0          0          0          0          0          0          0 
        88         85         82         87         89         59         74         75         73         63 
];
router11=[         0          0          0          0          0          0          0          0          0          0 
        75         80         76         78         77         77         77         76         76         75 
         0          0          0          0          0          0          0          0          0          0 
         0          0          0          0          0          0          0          0          0          0 
        92         92         85         80         60         98         79         76         81         76 
];
router12=[         0          0          0          0          0          0          0          0          0          0 
         0          0          0          0          0          0          0          0          0          0 
         0          0          0          0          0          0          0          0          0          0 
         0          0          0          0          0          0          0          0          0          0 
        74         67         73         90         82         92         85         79         84         96 
];
router13=[         0          0          0          0          0          0          0          0          0          0 
         0          0          0          0          0          0          0          0          0          0 
         0          0          0          0          0          0          0          0          0          0 
         0          0          0          0          0          0          0          0          0          0 
        75         71         64         91         86         54         83         71         79         78 
];
