router00=[         0          0          0          0          0          0          0          0          0          0 
       786        834        679        759        658        829        696        830        600        719 
         0          0          0          0          0          0          0          0          0          0 
      4212       4758       7316       6812       7170       6655       6935       6718       6407       6834 
         0          0          0          0          0          0          0          0          0          0 
];
router01=[         0          0          0          0          0          0          0          0          0          0 
       348        280        361        310        317        278        293        297        340        379 
         0          0          0          0          0          0          0          0          0          0 
       779        880        987        991        838       1084        947        931       1016        885 
       153         90         96        264        232        178        209        117         91        118 
];
router02=[         0          0          0          0          0          0          0          0          0          0 
       236        256        240        255        232        256        236        257        243        243 
         0          0          0          0          0          0          0          0          0          0 
       331        328        345        328        381        323        335        326        337        337 
        80         78         76         74         84         81         85        103         80         67 
];
router03=[         0          0          0          0          0          0          0          0          0          0 
       242        255        245        248        249        245        240        243        242        236 
         0          0          0          0          0          0          0          0          0          0 
         0          0          0          0          0          0          0          0          0          0 
        93         84         87         94         87         77         78         86         72         85 
];
router04=[         0          0          0          0          0          0          0          0          0          0 
       141        189        147        182        145        181        144        177        140        176 
         0          0          0          0          0          0          0          0          0          0 
         0          0          0          0          0          0          0          0          0          0 
       101         73         82         78         68         76         79         75         90         80 
];
router05=[         0          0          0          0          0          0          0          0          0          0 
       134        189        135        183        136        179        139        171        138        172 
         0          0          0          0          0          0          0          0          0          0 
         0          0          0          0          0          0          0          0          0          0 
        81         73         80         76         75         94         70         83         80         68 
];
router06=[         0          0          0          0          0          0          0          0          0          0 
       141        182        143        181        139        180        139        172        142        169 
         0          0          0          0          0          0          0          0          0          0 
         0          0          0          0          0          0          0          0          0          0 
        69         70         81         85         93         99         84         75         76         86 
];
router07=[         0          0          0          0          0          0          0          0          0          0 
       138        189        141        189        143        179        147        175        146        172 
         0          0          0          0          0          0          0          0          0          0 
         0          0          0          0          0          0          0          0          0          0 
        83         76         97         79         65         72         87         85         92         90 
];
router08=[         0          0          0          0          0          0          0          0          0          0 
        58        113         58        110         58        108         58        105         58        105 
         0          0          0          0          0          0          0          0          0          0 
         0          0          0          0          0          0          0          0          0          0 
        73         87         75         81         86         84         76         81         75         71 
];
router09=[         0          0          0          0          0          0          0          0          0          0 
        25        128         27        127         26        125         28        125         26        123 
         0          0          0          0          0          0          0          0          0          0 
         0          0          0          0          0          0          0          0          0          0 
        83         73         76         79         79         90         95         86         90         66 
];
router10=[         0          0          0          0          0          0          0          0          0          0 
        36        127         37        124         38        122         37        120         37        119 
         0          0          0          0          0          0          0          0          0          0 
         0          0          0          0          0          0          0          0          0          0 
        88         89         81         90         88         64         74         77         73         67 
];
router11=[         0          0          0          0          0          0          0          0          0          0 
        63         96         66         93         65         95         63         94         62         89 
         0          0          0          0          0          0          0          0          0          0 
         0          0          0          0          0          0          0          0          0          0 
        91         97         87         84         59         97         82         82         80         74 
];
router12=[         0          0          0          0          0          0          0          0          0          0 
         0          0          0          0          0          0          0          0          0          0 
         0          0          0          0          0          0          0          0          0          0 
         0          0          0          0          0          0          0          0          0          0 
        67         68         78         91         76         96         86         88         81        100 
];
router13=[         0          0          0          0          0          0          0          0          0          0 
         0          0          0          0          0          0          0          0          0          0 
         0          0          0          0          0          0          0          0          0          0 
         0          0          0          0          0          0          0          0          0          0 
        74         69         64         95         81         56         85         74         83         78 
];
