router00=[         0          0          0          0          0          0          0          0          0          0 
       483        617        618        641        560        617        545        656        599        648 
         0          0          0          0          0          0          0          0          0          0 
      2928       3010       4386       4460       4235       4361       4284       3913       4271       3820 
         0          0          0          0          0          0          0          0          0          0 
];
router01=[         0          0          0          0          0          0          0          0          0          0 
       247        259        239        244        229        231        246        253        221        239 
         0          0          0          0          0          0          0          0          0          0 
       701        613        795        789        753        801        806        689        789        694 
        86         91         77         88         90         86        104        108         94         79 
];
router02=[         0          0          0          0          0          0          0          0          0          0 
       222        252        216        252        215        255        226        239        227        243 
         0          0          0          0          0          0          0          0          0          0 
       300        336        316        331        314        323        299        338        301        339 
        87         82         73         74         84         75        103         77         75         64 
];
router03=[         0          0          0          0          0          0          0          0          0          0 
       216        255        224        249        229        246        220        247        224        244 
         0          0          0          0          0          0          0          0          0          0 
         0          0          0          0          0          0          0          0          0          0 
       104         72         79         89         80         79         85         76         75         77 
];
router04=[         0          0          0          0          0          0          0          0          0          0 
       142        176        143        171        143        167        147        165        146        160 
         0          0          0          0          0          0          0          0          0          0 
         0          0          0          0          0          0          0          0          0          0 
       101         70         75         84         61         70         80         72         88         85 
];
router05=[         0          0          0          0          0          0          0          0          0          0 
       134        178        133        170        134        168        131        167        133        162 
         0          0          0          0          0          0          0          0          0          0 
         0          0          0          0          0          0          0          0          0          0 
        84         72         73         75         73         85         70         77         77         71 
];
router06=[         0          0          0          0          0          0          0          0          0          0 
       121        193        120        187        121        182        119        179        122        177 
         0          0          0          0          0          0          0          0          0          0 
         0          0          0          0          0          0          0          0          0          0 
        70         63         76         88         94         95         80         72         70         75 
];
router07=[         0          0          0          0          0          0          0          0          0          0 
       137        178        141        173        142        176        140        171        137        167 
         0          0          0          0          0          0          0          0          0          0 
         0          0          0          0          0          0          0          0          0          0 
        86         72         92         69         68         71         81         79         88         85 
];
router08=[         0          0          0          0          0          0          0          0          0          0 
        47        119         46        120         45        115         45        114         46        110 
         0          0          0          0          0          0          0          0          0          0 
         0          0          0          0          0          0          0          0          0          0 
        69         78         75         82         79         79         79         75         74         63 
];
router09=[         0          0          0          0          0          0          0          0          0          0 
        45        106         45        103         46        101         46        101         45         99 
         0          0          0          0          0          0          0          0          0          0 
         0          0          0          0          0          0          0          0          0          0 
        74         73         65         74         76         86         93         75         86         71 
];
router10=[         0          0          0          0          0          0          0          0          0          0 
        70         87         72         86         72         83         72         83         71         80 
         0          0          0          0          0          0          0          0          0          0 
         0          0          0          0          0          0          0          0          0          0 
        86         85         80         80         85         55         71         70         70         63 
];
router11=[         0          0          0          0          0          0          0          0          0          0 
        58         95         60         93         60         92         58         90         59         88 
         0          0          0          0          0          0          0          0          0          0 
         0          0          0          0          0          0          0          0          0          0 
        93         90         86         82         60         97         75         75         79         74 
];
router12=[         0          0          0          0          0          0          0          0          0          0 
         0          0          0          0          0          0          0          0          0          0 
         0          0          0          0          0          0          0          0          0          0 
         0          0          0          0          0          0          0          0          0          0 
        77         64         72         86         82         89         87         79         80         91 
];
router13=[         0          0          0          0          0          0          0          0          0          0 
         0          0          0          0          0          0          0          0          0          0 
         0          0          0          0          0          0          0          0          0          0 
         0          0          0          0          0          0          0          0          0          0 
        72         70         65         94         78         54         80         72         76         76 
];
