router00=[         0          0          0          0 
      3900       3885       3518       3755 
         0          0          0          0 
     10547      10247      10233      10549 
         0          0          0          0 
];
router01=[         0          0          0          0 
      5511       4928       5488       5183 
         0          0          0          0 
     19325      19571      19658      19317 
      9883       7874       7928       7475 
];
router02=[         0          0          0          0 
      5960       5777       6173       5783 
         0          0          0          0 
      8757       8369       7855       8338 
      4350       4790       2690       4692 
];
router03=[         0          0          0          0 
      1835       2141       1721       2100 
         0          0          0          0 
         0          0          0          0 
       497        421        421        457 
];
router04=[         0          0          0          0 
       421        480        476        480 
         0          0          0          0 
         0          0          0          0 
       204        227        224        228 
];
router05=[         0          0          0          0 
       395        494        464        531 
         0          0          0          0 
         0          0          0          0 
       244        191        264        225 
];
router06=[         0          0          0          0 
       775        563        884        714 
         0          0          0          0 
         0          0          0          0 
       283        361        281        267 
];
router07=[         0          0          0          0 
       665        697        713       1006 
         0          0          0          0 
         0          0          0          0 
       235        495        254        327 
];
router08=[         0          0          0          0 
       221        207        220        201 
         0          0          0          0 
         0          0          0          0 
       221        206        196        224 
];
router09=[         0          0          0          0 
       195        192        224        188 
         0          0          0          0 
         0          0          0          0 
       212        210        236        197 
];
router10=[         0          0          0          0 
       194        239        200        224 
         0          0          0          0 
         0          0          0          0 
       183        206        210        251 
];
router11=[         0          0          0          0 
       185        268        182        251 
         0          0          0          0 
         0          0          0          0 
       218        230        217        188 
];
router12=[         0          0          0          0 
         0          0          0          0 
         0          0          0          0 
         0          0          0          0 
       226        199        197        222 
];
router13=[         0          0          0          0 
         0          0          0          0 
         0          0          0          0 
         0          0          0          0 
       204        191        176        201 
];
router14=[         0          0          0          0 
         0          0          0          0 
         0          0          0          0 
         0          0          0          0 
       213        218        197        200 
];
router15=[         0          0          0          0 
         0          0          0          0 
         0          0          0          0 
         0          0          0          0 
       219        180        204        216 
];

110046
