router00=[         0          0          0          0 
      3786       4010       4315       3911 
         0          0          0          0 
     11293      10854      11166      11800 
         0          0          0          0 
];
router01=[         0          0          0          0 
      5895       5614       5969       5579 
         0          0          0          0 
     21282      21707      21040      22103 
      9835      10586      10651      10835 
];
router02=[         0          0          0          0 
      7981       7673       7547       7891 
         0          0          0          0 
      9772      10247      10264      10620 
      5185       4807       3578       6877 
];
router03=[         0          0          0          0 
      3274       2906       3111       2418 
         0          0          0          0 
         0          0          0          0 
       708        702        574        771 
];
router04=[         0          0          0          0 
       435        478        446        461 
         0          0          0          0 
         0          0          0          0 
       218        212        190        249 
];
router05=[         0          0          0          0 
       514        472        491        439 
         0          0          0          0 
         0          0          0          0 
       241        258        217        258 
];
router06=[         0          0          0          0 
      1246       1129       1299       1006 
         0          0          0          0 
         0          0          0          0 
       297        482        384        550 
];
router07=[         0          0          0          0 
      1904       1550       1763       1527 
         0          0          0          0 
         0          0          0          0 
       592        566        379        405 
];
router08=[         0          0          0          0 
       232        202        230        197 
         0          0          0          0 
         0          0          0          0 
       202        217        200        228 
];
router09=[         0          0          0          0 
       179        217        181        235 
         0          0          0          0 
         0          0          0          0 
       208        224        238        205 
];
router10=[         0          0          0          0 
       199        252        215        296 
         0          0          0          0 
         0          0          0          0 
       234        269        258        390 
];
router11=[         0          0          0          0 
       359        468        167        258 
         0          0          0          0 
         0          0          0          0 
       278        467        334        250 
];
router12=[         0          0          0          0 
         0          0          0          0 
         0          0          0          0 
         0          0          0          0 
       227        204        200        227 
];
router13=[         0          0          0          0 
         0          0          0          0 
         0          0          0          0 
         0          0          0          0 
       211        196        177        207 
];
router14=[         0          0          0          0 
         0          0          0          0 
         0          0          0          0 
         0          0          0          0 
       214        226        204        202 
];
router15=[         0          0          0          0 
         0          0          0          0 
         0          0          0          0 
         0          0          0          0 
       225        184        203        220 
];

110041
