router00=[         0          0          0          0 
      1213       1197       1143       1352 
         0          0          0          0 
      3834       3846       4058       3667 
         0          0          0          0 
];
router01=[         0          0          0          0 
      1235       1392       1320       1571 
         0          0          0          0 
      4204       4309       4521       4389 
      1190       1135       1009        613 
];
router02=[         0          0          0          0 
       812        807        782        823 
         0          0          0          0 
      1068       1079       1088       1071 
       316        289        364        323 
];
router03=[         0          0          0          0 
       494        536        530        551 
         0          0          0          0 
         0          0          0          0 
       202        172        187        162 
];
router04=[         0          0          0          0 
       307        347        301        376 
         0          0          0          0 
         0          0          0          0 
       156        173        155        185 
];
router05=[         0          0          0          0 
       301        324        289        317 
         0          0          0          0 
         0          0          0          0 
       191        172        177        168 
];
router06=[         0          0          0          0 
       339        337        313        335 
         0          0          0          0 
         0          0          0          0 
       143        185        191        175 
];
router07=[         0          0          0          0 
       339        327        337        322 
         0          0          0          0 
         0          0          0          0 
       174        172        158        160 
];
router08=[         0          0          0          0 
       131        190        130        190 
         0          0          0          0 
         0          0          0          0 
       153        163        158        157 
];
router09=[         0          0          0          0 
       133        175        135        173 
         0          0          0          0 
         0          0          0          0 
       160        140        158        141 
];
router10=[         0          0          0          0 
       159        184        157        182 
         0          0          0          0 
         0          0          0          0 
       137        148        149        168 
];
router11=[         0          0          0          0 
       147        171        146        174 
         0          0          0          0 
         0          0          0          0 
       165        191        173        153 
];
router12=[         0          0          0          0 
         0          0          0          0 
         0          0          0          0 
         0          0          0          0 
       170        162        155        153 
];
router13=[         0          0          0          0 
         0          0          0          0 
         0          0          0          0 
         0          0          0          0 
       144        147        164        160 
];
router14=[         0          0          0          0 
         0          0          0          0 
         0          0          0          0 
         0          0          0          0 
       158        172        175        174 
];
router15=[         0          0          0          0 
         0          0          0          0 
         0          0          0          0 
         0          0          0          0 
       162        153        165        158 
];

110031
