router00=[         0          0          0          0 
      2737       2729       2640       2757 
         0          0          0          0 
      7983       7750       7653       7565 
         0          0          0          0 
];
router01=[         0          0          0          0 
      3129       3494       3178       3573 
         0          0          0          0 
     11983      12479      11880      12340 
      4029       3890       5061       4505 
];
router02=[         0          0          0          0 
      2392       2960       2656       2632 
         0          0          0          0 
      4474       4428       4224       4281 
      2013       1192       2016       1736 
];
router03=[         0          0          0          0 
      1201       1075       1228       1243 
         0          0          0          0 
         0          0          0          0 
       407        319        296        231 
];
router04=[         0          0          0          0 
       402        420        407        373 
         0          0          0          0 
         0          0          0          0 
       193        198        185        230 
];
router05=[         0          0          0          0 
       335        418        361        464 
         0          0          0          0 
         0          0          0          0 
       173        194        182        209 
];
router06=[         0          0          0          0 
       467        458        434        527 
         0          0          0          0 
         0          0          0          0 
       202        207        232        203 
];
router07=[         0          0          0          0 
       477        409        395        483 
         0          0          0          0 
         0          0          0          0 
       223        228        200        194 
];
router08=[         0          0          0          0 
       201        195        197        191 
         0          0          0          0 
         0          0          0          0 
       179        180        188        203 
];
router09=[         0          0          0          0 
       192        168        195        166 
         0          0          0          0 
         0          0          0          0 
       183        198        194        192 
];
router10=[         0          0          0          0 
       157        232        155        230 
         0          0          0          0 
         0          0          0          0 
       200        179        176        211 
];
router11=[         0          0          0          0 
       184        198        182        195 
         0          0          0          0 
         0          0          0          0 
       205        219        195        200 
];
router12=[         0          0          0          0 
         0          0          0          0 
         0          0          0          0 
         0          0          0          0 
       212        190        181        201 
];
router13=[         0          0          0          0 
         0          0          0          0 
         0          0          0          0 
         0          0          0          0 
       197        172        167        184 
];
router14=[         0          0          0          0 
         0          0          0          0 
         0          0          0          0 
         0          0          0          0 
       200        199        189        185 
];
router15=[         0          0          0          0 
         0          0          0          0 
         0          0          0          0 
         0          0          0          0 
       194        167        197        200 
];

110135
