router00=[         0          0          0          0 
      3116       3304       3528       3042 
         0          0          0          0 
      8684       8694       8966       9121 
         0          0          0          0 
];
router01=[         0          0          0          0 
      3884       3897       4018       3998 
         0          0          0          0 
     14700      14305      14457      14712 
      5822       6808       5968       3888 
];
router02=[         0          0          0          0 
      3766       3134       3537       3570 
         0          0          0          0 
      5787       5549       5712       5607 
      3773       2055       3047       1901 
];
router03=[         0          0          0          0 
      1802       1600       1846       2095 
         0          0          0          0 
         0          0          0          0 
       341        398        512        581 
];
router04=[         0          0          0          0 
       414        418        424        459 
         0          0          0          0 
         0          0          0          0 
       206        205        190        237 
];
router05=[         0          0          0          0 
       391        382        417        392 
         0          0          0          0 
         0          0          0          0 
       191        235        220        204 
];
router06=[         0          0          0          0 
       435        589        561        671 
         0          0          0          0 
         0          0          0          0 
       210        247        317        245 
];
router07=[         0          0          0          0 
       747        557        504        599 
         0          0          0          0 
         0          0          0          0 
       243        259        255        256 
];
router08=[         0          0          0          0 
       170        229        173        231 
         0          0          0          0 
         0          0          0          0 
       193        186        181        212 
];
router09=[         0          0          0          0 
       184        180        185        178 
         0          0          0          0 
         0          0          0          0 
       196        199        194        201 
];
router10=[         0          0          0          0 
       163        245        162        227 
         0          0          0          0 
         0          0          0          0 
       237        187        210        223 
];
router11=[         0          0          0          0 
       173        217        186        212 
         0          0          0          0 
         0          0          0          0 
       205        222        206        229 
];
router12=[         0          0          0          0 
         0          0          0          0 
         0          0          0          0 
         0          0          0          0 
       216        191        181        212 
];
router13=[         0          0          0          0 
         0          0          0          0 
         0          0          0          0 
         0          0          0          0 
       192        174        169        192 
];
router14=[         0          0          0          0 
         0          0          0          0 
         0          0          0          0 
         0          0          0          0 
       204        198        193        188 
];
router15=[         0          0          0          0 
         0          0          0          0 
         0          0          0          0 
         0          0          0          0 
       202        176        192        206 
];

110021
