router00=[         0          0          0          0 
      5152       5354       5083       5526 
         0          0          0          0 
     14603      14348      14730      14441 
         0          0          0          0 
];
router01=[         0          0          0          0 
      8794       8219       8594       8807 
         0          0          0          0 
     33000      32975      33396      32762 
     16280      18047      18204      19515 
];
router02=[         0          0          0          0 
     12478      12398      12691      12537 
         0          0          0          0 
     19073      19808      17928      18530 
      8979       9517      12656       8178 
];
router03=[         0          0          0          0 
      6397       6446       6374       6764 
         0          0          0          0 
         0          0          0          0 
      1483       1249       1536       1156 
];
router04=[         0          0          0          0 
       465        483        479        457 
         0          0          0          0 
         0          0          0          0 
       258        215        209        224 
];
router05=[         0          0          0          0 
       534        610        602        581 
         0          0          0          0 
         0          0          0          0 
       281        339        240        245 
];
router06=[         0          0          0          0 
      1585       1555       1691       1665 
         0          0          0          0 
         0          0          0          0 
       483        589        726        622 
];
router07=[         0          0          0          0 
      2282       2827       2986       3125 
         0          0          0          0 
         0          0          0          0 
       778       1226        827       1011 
];
router08=[         0          0          0          0 
       205        239        226        241 
         0          0          0          0 
         0          0          0          0 
       234        245        219        203 
];
router09=[         0          0          0          0 
       189        234        192        232 
         0          0          0          0 
         0          0          0          0 
       235        260        244        225 
];
router10=[         0          0          0          0 
       312        266        265        333 
         0          0          0          0 
         0          0          0          0 
       279        278        431        248 
];
router11=[         0          0          0          0 
       605        506        469        529 
         0          0          0          0 
         0          0          0          0 
       392        524        453        309 
];
router12=[         0          0          0          0 
         0          0          0          0 
         0          0          0          0 
         0          0          0          0 
       226        214        214        231 
];
router13=[         0          0          0          0 
         0          0          0          0 
         0          0          0          0 
         0          0          0          0 
       205        213        192        235 
];
router14=[         0          0          0          0 
         0          0          0          0 
         0          0          0          0 
         0          0          0          0 
       216        248        229        214 
];
router15=[         0          0          0          0 
         0          0          0          0 
         0          0          0          0 
         0          0          0          0 
       226        202        222        304 
];

110030
