router00=[         0          0          0          0 
      5400       5376       5857       5337 
         0          0          0          0 
     15590      15696      15306      15097 
         0          0          0          0 
];
router01=[         0          0          0          0 
      9685       9640       9210       9839 
         0          0          0          0 
     35907      35694      35719      35458 
     18336      22357      21481      19398 
];
router02=[         0          0          0          0 
     13773      13030      14501      13270 
         0          0          0          0 
     20111      21139      20905      20363 
      8447      14103       7855      11827 
];
router03=[         0          0          0          0 
      6926       7695       7312       7801 
         0          0          0          0 
         0          0          0          0 
      1297       1604       1651       1584 
];
router04=[         0          0          0          0 
       496        487        531        511 
         0          0          0          0 
         0          0          0          0 
       271        233        204        237 
];
router05=[         0          0          0          0 
       620        574        631        584 
         0          0          0          0 
         0          0          0          0 
       242        268        239        287 
];
router06=[         0          0          0          0 
      1791       1921       1781       2451 
         0          0          0          0 
         0          0          0          0 
      1047        619        685        719 
];
router07=[         0          0          0          0 
      3395       3603       3579       3314 
         0          0          0          0 
         0          0          0          0 
       974        985       1100        899 
];
router08=[         0          0          0          0 
       196        266        196        251 
         0          0          0          0 
         0          0          0          0 
       241        239        220        206 
];
router09=[         0          0          0          0 
       209        218        209        218 
         0          0          0          0 
         0          0          0          0 
       249        238        243        223 
];
router10=[         0          0          0          0 
       419        352        445        335 
         0          0          0          0 
         0          0          0          0 
       344        378        229        265 
];
router11=[         0          0          0          0 
       555        352        569        300 
         0          0          0          0 
         0          0          0          0 
       588        436        401        483 
];
router12=[         0          0          0          0 
         0          0          0          0 
         0          0          0          0 
         0          0          0          0 
       225        214        219        234 
];
router13=[         0          0          0          0 
         0          0          0          0 
         0          0          0          0 
         0          0          0          0 
       215        212        188        238 
];
router14=[         0          0          0          0 
         0          0          0          0 
         0          0          0          0 
         0          0          0          0 
       219        250        236        216 
];
router15=[         0          0          0          0 
         0          0          0          0 
         0          0          0          0 
         0          0          0          0 
       229        201        220        256 
];

110129
