router00=[         0          0          0          0 
      3942       3563       3969       3279 
         0          0          0          0 
     10172       9732      10286      10063 
         0          0          0          0 
];
router01=[         0          0          0          0 
      5222       4589       5253       4738 
         0          0          0          0 
     17706      17625      17713      18194 
      8676       7631       6868       7337 
];
router02=[         0          0          0          0 
      5328       5503       5350       5202 
         0          0          0          0 
      7329       7333       7421       7039 
      2203       3574       3667       3034 
];
router03=[         0          0          0          0 
      2148       2147       1710       2420 
         0          0          0          0 
         0          0          0          0 
       307        397        561        631 
];
router04=[         0          0          0          0 
       499        484        521        460 
         0          0          0          0 
         0          0          0          0 
       209        218        190        286 
];
router05=[         0          0          0          0 
       451        460        500        419 
         0          0          0          0 
         0          0          0          0 
       203        209        232        257 
];
router06=[         0          0          0          0 
       681        960        784       1014 
         0          0          0          0 
         0          0          0          0 
       404        426        353        433 
];
router07=[         0          0          0          0 
       684        850        778        651 
         0          0          0          0 
         0          0          0          0 
       320        294        359        376 
];
router08=[         0          0          0          0 
       227        197        224        199 
         0          0          0          0 
         0          0          0          0 
       227        215        189        201 
];
router09=[         0          0          0          0 
       170        215        167        212 
         0          0          0          0 
         0          0          0          0 
       214        208        227        200 
];
router10=[         0          0          0          0 
       216        199        258        207 
         0          0          0          0 
         0          0          0          0 
       180        241        232        245 
];
router11=[         0          0          0          0 
       190        227        181        230 
         0          0          0          0 
         0          0          0          0 
       214        261        203        192 
];
router12=[         0          0          0          0 
         0          0          0          0 
         0          0          0          0 
         0          0          0          0 
       222        204        197        221 
];
router13=[         0          0          0          0 
         0          0          0          0 
         0          0          0          0 
         0          0          0          0 
       197        186        178        203 
];
router14=[         0          0          0          0 
         0          0          0          0 
         0          0          0          0 
         0          0          0          0 
       209        210        196        193 
];
router15=[         0          0          0          0 
         0          0          0          0 
         0          0          0          0 
         0          0          0          0 
       221        181        199        218 
];

110041
