router00=[         0          0          0          0 
      2519       2611       2509       2502 
         0          0          0          0 
      7339       7365       7267       7516 
         0          0          0          0 
];
router01=[         0          0          0          0 
      3081       3052       3265       2859 
         0          0          0          0 
     11284      11043      11136      10699 
      3168       3053       4414       6046 
];
router02=[         0          0          0          0 
      2660       2923       2375       2895 
         0          0          0          0 
      4049       3540       4085       3643 
      2173       2020       1463       1312 
];
router03=[         0          0          0          0 
       750        953        784        915 
         0          0          0          0 
         0          0          0          0 
       249        242        270        252 
];
router04=[         0          0          0          0 
       394        378        375        380 
         0          0          0          0 
         0          0          0          0 
       215        197        173        199 
];
router05=[         0          0          0          0 
       385        412        351        410 
         0          0          0          0 
         0          0          0          0 
       178        195        184        193 
];
router06=[         0          0          0          0 
       385        417        362        474 
         0          0          0          0 
         0          0          0          0 
       234        258        277        165 
];
router07=[         0          0          0          0 
       418        421        388        427 
         0          0          0          0 
         0          0          0          0 
       218        214        170        191 
];
router08=[         0          0          0          0 
       155        227        155        226 
         0          0          0          0 
         0          0          0          0 
       186        174        186        187 
];
router09=[         0          0          0          0 
       154        207        153        207 
         0          0          0          0 
         0          0          0          0 
       190        196        186        189 
];
router10=[         0          0          0          0 
       166        218        169        215 
         0          0          0          0 
         0          0          0          0 
       171        179        166        208 
];
router11=[         0          0          0          0 
       180        190        178        188 
         0          0          0          0 
         0          0          0          0 
       199        218        198        199 
];
router12=[         0          0          0          0 
         0          0          0          0 
         0          0          0          0 
         0          0          0          0 
       211        185        173        193 
];
router13=[         0          0          0          0 
         0          0          0          0 
         0          0          0          0 
         0          0          0          0 
       198        169        168        185 
];
router14=[         0          0          0          0 
         0          0          0          0 
         0          0          0          0 
         0          0          0          0 
       198        192        192        185 
];
router15=[         0          0          0          0 
         0          0          0          0 
         0          0          0          0 
         0          0          0          0 
       193        166        183        194 
];

110033
