router00=[         0          0          0          0 
      4889       4954       5176       5065 
         0          0          0          0 
     13796      13635      12629      13441 
         0          0          0          0 
];
router01=[         0          0          0          0 
      7666       7352       7619       7438 
         0          0          0          0 
     27029      26820      26514      26794 
     15836      11523      11833      14777 
];
router02=[         0          0          0          0 
      8519       8579       8774       8721 
         0          0          0          0 
     12425      12922      13382      13861 
      6781       7536       5261       5226 
];
router03=[         0          0          0          0 
      3647       3769       3565       3941 
         0          0          0          0 
         0          0          0          0 
       640       1006        718       1294 
];
router04=[         0          0          0          0 
       474        526        460        562 
         0          0          0          0 
         0          0          0          0 
       217        271        237        231 
];
router05=[         0          0          0          0 
       458        495        469        605 
         0          0          0          0 
         0          0          0          0 
       260        227        251        246 
];
router06=[         0          0          0          0 
      1279       1266       1345       1140 
         0          0          0          0 
         0          0          0          0 
       344        527        564        552 
];
router07=[         0          0          0          0 
      1104       1610       1271       1506 
         0          0          0          0 
         0          0          0          0 
       357        409        289        581 
];
router08=[         0          0          0          0 
       238        208        230        205 
         0          0          0          0 
         0          0          0          0 
       225        258        199        219 
];
router09=[         0          0          0          0 
       187        227        211        224 
         0          0          0          0 
         0          0          0          0 
       234        231        234        226 
];
router10=[         0          0          0          0 
       323        377        269        231 
         0          0          0          0 
         0          0          0          0 
       206        250        214        239 
];
router11=[         0          0          0          0 
       299        375        378        385 
         0          0          0          0 
         0          0          0          0 
       269        386        218        284 
];
router12=[         0          0          0          0 
         0          0          0          0 
         0          0          0          0 
         0          0          0          0 
       227        214        206        228 
];
router13=[         0          0          0          0 
         0          0          0          0 
         0          0          0          0 
         0          0          0          0 
       210        208        189        220 
];
router14=[         0          0          0          0 
         0          0          0          0 
         0          0          0          0 
         0          0          0          0 
       214        246        223        209 
];
router15=[         0          0          0          0 
         0          0          0          0 
         0          0          0          0 
         0          0          0          0 
       224        197        220        252 
];

110137
