router00=[         0          0          0          0 
      4581       4368       3888       4209 
         0          0          0          0 
     11422      11933      12119      11088 
         0          0          0          0 
];
router01=[         0          0          0          0 
      6223       6407       6206       6713 
         0          0          0          0 
     23312      23115      22559      23015 
     10971      12368      11246      10097 
];
router02=[         0          0          0          0 
      7351       7629       7873       6784 
         0          0          0          0 
     10500      10233      10339      10295 
      5495       4351       5821       4558 
];
router03=[         0          0          0          0 
      2023       2074       2009       1898 
         0          0          0          0 
         0          0          0          0 
       567        619        529        535 
];
router04=[         0          0          0          0 
       488        426        466        424 
         0          0          0          0 
         0          0          0          0 
       213        261        181        225 
];
router05=[         0          0          0          0 
       515        567        501        525 
         0          0          0          0 
         0          0          0          0 
       218        254        237        218 
];
router06=[         0          0          0          0 
      1084       1017       1073       1056 
         0          0          0          0 
         0          0          0          0 
       396        296        484        357 
];
router07=[         0          0          0          0 
       754        618        681        760 
         0          0          0          0 
         0          0          0          0 
       321        325        245        295 
];
router08=[         0          0          0          0 
       228        217        214        217 
         0          0          0          0 
         0          0          0          0 
       217        227        192        224 
];
router09=[         0          0          0          0 
       215        224        197        211 
         0          0          0          0 
         0          0          0          0 
       210        233        246        218 
];
router10=[         0          0          0          0 
       259        262        175        278 
         0          0          0          0 
         0          0          0          0 
       187        342        208        271 
];
router11=[         0          0          0          0 
       171        251        176        245 
         0          0          0          0 
         0          0          0          0 
       236        226        206        206 
];
router12=[         0          0          0          0 
         0          0          0          0 
         0          0          0          0 
         0          0          0          0 
       227        208        206        224 
];
router13=[         0          0          0          0 
         0          0          0          0 
         0          0          0          0 
         0          0          0          0 
       207        207        189        205 
];
router14=[         0          0          0          0 
         0          0          0          0 
         0          0          0          0 
         0          0          0          0 
       208        226        212        210 
];
router15=[         0          0          0          0 
         0          0          0          0 
         0          0          0          0 
         0          0          0          0 
       223        180        207        231 
];

110075
