router00=[         0          0          0          0 
      3301       3230       3461       3528 
         0          0          0          0 
      9691       9802       9320       9832 
         0          0          0          0 
];
router01=[         0          0          0          0 
      4682       5378       4558       4652 
         0          0          0          0 
     17509      17547      16737      17285 
      6909       7303       6500       8560 
];
router02=[         0          0          0          0 
      4230       4469       4242       4277 
         0          0          0          0 
      6779       6364       6608       6675 
      3844       2872       2728       1994 
];
router03=[         0          0          0          0 
      1469       1307       1340       1578 
         0          0          0          0 
         0          0          0          0 
       385        319        426        261 
];
router04=[         0          0          0          0 
       440        412        455        450 
         0          0          0          0 
         0          0          0          0 
       220        225        230        234 
];
router05=[         0          0          0          0 
       417        484        389        470 
         0          0          0          0 
         0          0          0          0 
       208        208        204        202 
];
router06=[         0          0          0          0 
       629        570        597        518 
         0          0          0          0 
         0          0          0          0 
       329        288        274        218 
];
router07=[         0          0          0          0 
       453        522        423        513 
         0          0          0          0 
         0          0          0          0 
       237        245        222        216 
];
router08=[         0          0          0          0 
       222        193        223        191 
         0          0          0          0 
         0          0          0          0 
       205        192        211        216 
];
router09=[         0          0          0          0 
       145        235        143        233 
         0          0          0          0 
         0          0          0          0 
       211        208        211        203 
];
router10=[         0          0          0          0 
       281        187        253        279 
         0          0          0          0 
         0          0          0          0 
       188        187        189        234 
];
router11=[         0          0          0          0 
       153        250        157        257 
         0          0          0          0 
         0          0          0          0 
       217        233        197        191 
];
router12=[         0          0          0          0 
         0          0          0          0 
         0          0          0          0 
         0          0          0          0 
       225        201        186        216 
];
router13=[         0          0          0          0 
         0          0          0          0 
         0          0          0          0 
         0          0          0          0 
       202        175        171        207 
];
router14=[         0          0          0          0 
         0          0          0          0 
         0          0          0          0 
         0          0          0          0 
       209        200        197        189 
];
router15=[         0          0          0          0 
         0          0          0          0 
         0          0          0          0 
         0          0          0          0 
       208        186        197        219 
];

110053
