router00=[         0          0          0          0          0          0          0          0          0          0 
      1036       1026       1157       1064       1123       1072       1126       1072       1128       1049 
         0          0          0          0          0          0          0          0          0          0 
         0          0          0          0          0          0          0          0          0          0 
         0          0          0          0          0          0          0          0          0          0 
];
router01=[         0          0          0          0          0          0          0          0          0          0 
         0          0          0          0          0          0          0          0          0          0 
      1030       1039       1101       1079       1108       1094       1090       1083       1109       1083 
         0          0          0          0          0          0          0          0          0          0 
       362        363        366        359        325        321        380        371        350        343 
];
router02=[         0          0          0          0          0          0          0          0          0          0 
         0          0          0          0          0          0          0          0          0          0 
       692        715        748        714        744        747        729        720        738        722 
         0          0          0          0          0          0          0          0          0          0 
       377        422        368        389        350        331        361        377        382        354 
];
router03=[         0          0          0          0          0          0          0          0          0          0 
         0          0          0          0          0          0          0          0          0          0 
       362        354        383        385        367        359        357        380        362        377 
         0          0          0          0          0          0          0          0          0          0 
       373        374        369        341        388        349        377        365        391        375 
];
router04=[         0          0          0          0          0          0          0          0          0          0 
       728        742        734        742        739        739        733        743        735        721 
         0          0          0          0          0          0          0          0          0          0 
       338        365        348        360        351        360        348        357        349        364 
       376        358        343        344        359        361        396        369        370        322 
];
router05=[       336        382        328        379        328        379        327        373        332        376 
       731        703        753        705        759        700        758        691        761        688 
         0          0          0          0          0          0          0          0          0          0 
         0          0          0          0          0          0          0          0          0          0 
         0          0          0          0          0          0          0          0          0          0 
];
router06=[       389        377        372        372        369        379        362        372        365        370 
         0          0          0          0          0          0          0          0          0          0 
       717        724        730        732        729        719        726        734        714        724 
         0          0          0          0          0          0          0          0          0          0 
       378        384        364        373        397        353        349        398        311        370 
];
router07=[       397        379        362        373        369        371        365        366        362        374 
         0          0          0          0          0          0          0          0          0          0 
       370        368        359        348        371        355        372        342        376        342 
         0          0          0          0          0          0          0          0          0          0 
       348        377        350        350        367        351        365        353        380        370 
];
router08=[         0          0          0          0          0          0          0          0          0          0 
       368        369        369        382        361        383        357        379        367        369 
         0          0          0          0          0          0          0          0          0          0 
       355        378        380        400        364        379        357        378        353        367 
       339        366        342        385        362        354        389        322        382        365 
];
router09=[         0          0          0          0          0          0          0          0          0          0 
       338        380        348        373        349        378        343        379        347        375 
         0          0          0          0          0          0          0          0          0          0 
       751        720        770        717        768        727        749        724        752        710 
       347        363        385        380        366        364        354        364        361        369 
];
router10=[       787        745        736        746        715        740        727        722        744        726 
       383        344        380        340        389        334        390        334        384        333 
         0          0          0          0          0          0          0          0          0          0 
         0          0          0          0          0          0          0          0          0          0 
         0          0          0          0          0          0          0          0          0          0 
];
router11=[       834        749        722        711        722        745        737        699        735        716 
         0          0          0          0          0          0          0          0          0          0 
       333        385        339        380        341        388        337        390        335        383 
         0          0          0          0          0          0          0          0          0          0 
       351        355        350        361        357        369        377        344        353        361 
];
router12=[         0          0          0          0          0          0          0          0          0          0 
         0          0          0          0          0          0          0          0          0          0 
         0          0          0          0          0          0          0          0          0          0 
       365        364        367        378        359        380        379        378        336        396 
       359        395        357        374        352        360        380        360        375        374 
];
router13=[         0          0          0          0          0          0          0          0          0          0 
         0          0          0          0          0          0          0          0          0          0 
         0          0          0          0          0          0          0          0          0          0 
       699        690        766        717        751        711        762        741        739        728 
       357        371        339        336        361        367        365        391        352        364 
];
