router00=[         0          0          0          0          0          0          0          0          0          0 
       639        675        667        663        650        663        667        657        666        660 
         0          0          0          0          0          0          0          0          0          0 
         0          0          0          0          0          0          0          0          0          0 
         0          0          0          0          0          0          0          0          0          0 
];
router01=[         0          0          0          0          0          0          0          0          0          0 
         0          0          0          0          0          0          0          0          0          0 
       636        667        658        664        656        669        664        670        653        670 
         0          0          0          0          0          0          0          0          0          0 
       223        259        260        221        207        234        215        246        245        231 
];
router02=[         0          0          0          0          0          0          0          0          0          0 
         0          0          0          0          0          0          0          0          0          0 
       442        451        469        443        455        445        441        449        457        430 
         0          0          0          0          0          0          0          0          0          0 
       220        222        221        217        217        196        216        236        192        226 
];
router03=[         0          0          0          0          0          0          0          0          0          0 
         0          0          0          0          0          0          0          0          0          0 
       233        214        225        226        232        240        217        225        223        230 
         0          0          0          0          0          0          0          0          0          0 
       232        211        213        217        227        216        239        229        236        220 
];
router04=[         0          0          0          0          0          0          0          0          0          0 
       435        469        431        469        435        462        439        446        447        456 
         0          0          0          0          0          0          0          0          0          0 
       238        236        238        231        242        223        243        225        242        223 
       213        226        223        216        205        241        218        176        197        215 
];
router05=[       219        258        217        254        215        248        218        245        219        248 
       434        424        452        418        447        426        440        427        437        421 
         0          0          0          0          0          0          0          0          0          0 
         0          0          0          0          0          0          0          0          0          0 
         0          0          0          0          0          0          0          0          0          0 
];
router06=[       189        253        184        254        182        254        176        251        183        242 
         0          0          0          0          0          0          0          0          0          0 
       431        438        434        433        434        430        439        424        440        423 
         0          0          0          0          0          0          0          0          0          0 
       212        240        221        229        232        201        235        192        211        227 
];
router07=[       234        221        229        216        236        215        233        215        234        212 
         0          0          0          0          0          0          0          0          0          0 
       198        216        218        214        227        206        219        225        212        228 
         0          0          0          0          0          0          0          0          0          0 
       231        212        237        207        222        209        209        210        236        207 
];
router08=[         0          0          0          0          0          0          0          0          0          0 
       221        237        218        237        222        231        223        227        223        226 
         0          0          0          0          0          0          0          0          0          0 
       207        210        228        211        226        223        197        213        224        224 
       263        214        211        222        204        224        234        216        225        206 
];
router09=[         0          0          0          0          0          0          0          0          0          0 
       192        247        192        243        191        238        194        239        192        237 
         0          0          0          0          0          0          0          0          0          0 
       443        429        452        425        443        428        448        430        441        424 
       242        208        187        214        206        214        209        225        239        221 
];
router10=[       435        462        416        456        419        445        421        450        417        442 
       196        227        195        227        194        231        189        229        193        223 
         0          0          0          0          0          0          0          0          0          0 
         0          0          0          0          0          0          0          0          0          0 
         0          0          0          0          0          0          0          0          0          0 
];
router11=[       463        454        444        439        445        434        443        436        437        439 
         0          0          0          0          0          0          0          0          0          0 
       180        241        180        242        183        239        182        236        184        237 
         0          0          0          0          0          0          0          0          0          0 
       235        223        245        204        205        244        228        213        219        187 
];
router12=[         0          0          0          0          0          0          0          0          0          0 
         0          0          0          0          0          0          0          0          0          0 
         0          0          0          0          0          0          0          0          0          0 
       227        228        232        235        218        218        220        235        202        225 
       238        215        203        231        240        241        214        240        217        226 
];
router13=[         0          0          0          0          0          0          0          0          0          0 
         0          0          0          0          0          0          0          0          0          0 
         0          0          0          0          0          0          0          0          0          0 
       421        434        445        466        436        428        454        436        448        452 
       230        223        229        203        220        204        219        211        201        223 
];
