router00=[         0          0          0          0          0          0          0          0          0          0 
      1055       1088       1232       1217       1234       1213       1229       1201       1219       1185 
         0          0          0          0          0          0          0          0          0          0 
         0          0          0          0          0          0          0          0          0          0 
         0          0          0          0          0          0          0          0          0          0 
];
router01=[         0          0          0          0          0          0          0          0          0          0 
         0          0          0          0          0          0          0          0          0          0 
      1072       1084       1254       1146       1232       1162       1255       1196       1205       1165 
         0          0          0          0          0          0          0          0          0          0 
       400        409        405        378        392        384        383        401        397        374 
];
router02=[         0          0          0          0          0          0          0          0          0          0 
         0          0          0          0          0          0          0          0          0          0 
       724        786        819        780        774        786        776        795        779        781 
         0          0          0          0          0          0          0          0          0          0 
       423        389        382        389        391        382        355        378        405        368 
];
router03=[         0          0          0          0          0          0          0          0          0          0 
         0          0          0          0          0          0          0          0          0          0 
       372        403        371        407        387        401        363        386        370        383 
         0          0          0          0          0          0          0          0          0          0 
       373        374        379        390        401        396        404        401        393        361 
];
router04=[         0          0          0          0          0          0          0          0          0          0 
       773        781        858        768        846        787        870        879        853        790 
         0          0          0          0          0          0          0          0          0          0 
       385        396        392        398        387        397        393        394        388        393 
       492        380        415        480        434        403        410        419        437        429 
];
router05=[       390        406        381        404        384        397        388        391        389        393 
       765        746        784        740        796        736        797        731        790        736 
         0          0          0          0          0          0          0          0          0          0 
         0          0          0          0          0          0          0          0          0          0 
         0          0          0          0          0          0          0          0          0          0 
];
router06=[       437        359        419        351        413        358        419        359        417        352 
         0          0          0          0          0          0          0          0          0          0 
       735        790        721        796        749        784        738        774        752        782 
         0          0          0          0          0          0          0          0          0          0 
       380        383        376        381        370        396        387        402        371        384 
];
router07=[       439        386        396        368        401        372        397        364        408        367 
         0          0          0          0          0          0          0          0          0          0 
       358        399        372        389        351        399        350        395        381        378 
         0          0          0          0          0          0          0          0          0          0 
       383        398        411        387        379        361        370        388        367        354 
];
router08=[         0          0          0          0          0          0          0          0          0          0 
       385        381        401        393        397        399        405        403        397        421 
         0          0          0          0          0          0          0          0          0          0 
       373        387        379        399        389        374        391        391        382        397 
       400        451        401        375        410        392        440        414        415        410 
];
router09=[         0          0          0          0          0          0          0          0          0          0 
       356        398        365        391        370        386        370        386        365        394 
         0          0          0          0          0          0          0          0          0          0 
       754        780        754        787        769        784        750        777        758        779 
       379        358        366        442        405        371        389        388        397        365 
];
router10=[       808        800        744        768        763        763        767        746        753        780 
       357        412        356        410        366        405        361        405        359        407 
         0          0          0          0          0          0          0          0          0          0 
         0          0          0          0          0          0          0          0          0          0 
         0          0          0          0          0          0          0          0          0          0 
];
router11=[       929        777        779        742        803        813        760        773        799        744 
         0          0          0          0          0          0          0          0          0          0 
       369        396        377        394        376        393        374        396        372        391 
         0          0          0          0          0          0          0          0          0          0 
       392        375        376        370        373        428        396        366        409        396 
];
router12=[         0          0          0          0          0          0          0          0          0          0 
         0          0          0          0          0          0          0          0          0          0 
         0          0          0          0          0          0          0          0          0          0 
       372        407        392        378        387        395        387        398        352        404 
       369        388        396        372        407        384        384        385        384        372 
];
router13=[         0          0          0          0          0          0          0          0          0          0 
         0          0          0          0          0          0          0          0          0          0 
         0          0          0          0          0          0          0          0          0          0 
       719        746        793        793        757        785        773        780        753        771 
       351        365        366        365        356        388        378        411        374        418 
];
