router00=[         0          0          0          0          0          0          0          0          0          0 
       964        979       1005        959       1005        980        996        966       1014        964 
         0          0          0          0          0          0          0          0          0          0 
         0          0          0          0          0          0          0          0          0          0 
         0          0          0          0          0          0          0          0          0          0 
];
router01=[         0          0          0          0          0          0          0          0          0          0 
         0          0          0          0          0          0          0          0          0          0 
       960        929       1012        973       1017        970       1019        971       1001        979 
         0          0          0          0          0          0          0          0          0          0 
       374        314        309        345        316        335        356        319        312        316 
];
router02=[         0          0          0          0          0          0          0          0          0          0 
         0          0          0          0          0          0          0          0          0          0 
       640        645        663        670        683        661        669        640        667        642 
         0          0          0          0          0          0          0          0          0          0 
       352        348        333        349        325        353        357        355        314        320 
];
router03=[         0          0          0          0          0          0          0          0          0          0 
         0          0          0          0          0          0          0          0          0          0 
       335        335        335        325        328        305        327        328        341        321 
         0          0          0          0          0          0          0          0          0          0 
       309        342        342        338        346        313        326        340        311        314 
];
router04=[         0          0          0          0          0          0          0          0          0          0 
       635        679        672        660        676        658        679        664        662        653 
         0          0          0          0          0          0          0          0          0          0 
       335        325        342        322        340        319        339        321        337        316 
       360        309        311        356        313        317        314        339        359        310 
];
router05=[       332        335        330        326        329        333        330        325        328        328 
       634        659        659        642        649        656        658        651        660        650 
         0          0          0          0          0          0          0          0          0          0 
         0          0          0          0          0          0          0          0          0          0 
         0          0          0          0          0          0          0          0          0          0 
];
router06=[       365        331        352        329        355        324        356        327        351        328 
         0          0          0          0          0          0          0          0          0          0 
       639        650        662        643        653        648        663        645        662        653 
         0          0          0          0          0          0          0          0          0          0 
       329        341        330        335        345        334        306        331        300        336 
];
router07=[       338        347        319        338        314        339        315        336        316        338 
         0          0          0          0          0          0          0          0          0          0 
       340        335        316        312        312        355        305        350        326        343 
         0          0          0          0          0          0          0          0          0          0 
       350        332        342        350        306        311        315        328        354        336 
];
router08=[         0          0          0          0          0          0          0          0          0          0 
       310        347        318        338        318        338        318        339        320        339 
         0          0          0          0          0          0          0          0          0          0 
       322        331        349        362        329        361        335        362        312        343 
       338        351        334        328        317        310        346        317        334        332 
];
router09=[         0          0          0          0          0          0          0          0          0          0 
       332        328        334        329        334        325        336        322        335        321 
         0          0          0          0          0          0          0          0          0          0 
       648        676        680        662        680        662        680        664        679        662 
       304        308        321        341        314        338        322        314        344        319 
];
router10=[       693        695        651        676        646        676        653        680        650        673 
       321        342        323        334        325        332        324        336        320        334 
         0          0          0          0          0          0          0          0          0          0 
         0          0          0          0          0          0          0          0          0          0 
         0          0          0          0          0          0          0          0          0          0 
];
router11=[       730        688        646        665        636        676        646        649        659        653 
         0          0          0          0          0          0          0          0          0          0 
       328        327        334        328        333        326        327        330        329        329 
         0          0          0          0          0          0          0          0          0          0 
       328        343        317        314        335        320        324        333        329        326 
];
router12=[         0          0          0          0          0          0          0          0          0          0 
         0          0          0          0          0          0          0          0          0          0 
         0          0          0          0          0          0          0          0          0          0 
       315        331        333        340        326        340        313        318        338        327 
       333        310        288        365        313        338        339        348        330        316 
];
router13=[         0          0          0          0          0          0          0          0          0          0 
         0          0          0          0          0          0          0          0          0          0 
         0          0          0          0          0          0          0          0          0          0 
       647        655        657        642        664        655        688        674        661        662 
       336        328        346        340        342        300        328        328        323        323 
];
