router00=[         0          0          0          0          0          0          0          0          0          0 
      1109       1145       1483       1334       1422       1438       1469       1370       1484       1454 
         0          0          0          0          0          0          0          0          0          0 
         0          0          0          0          0          0          0          0          0          0 
         0          0          0          0          0          0          0          0          0          0 
];
router01=[         0          0          0          0          0          0          0          0          0          0 
         0          0          0          0          0          0          0          0          0          0 
      1103       1123       1416       1337       1374       1341       1360       1328       1363       1333 
         0          0          0          0          0          0          0          0          0          0 
       426        430        409        396        424        418        425        413        421        430 
];
router02=[         0          0          0          0          0          0          0          0          0          0 
         0          0          0          0          0          0          0          0          0          0 
       789        795        918        908        933        869        910        843        896        867 
         0          0          0          0          0          0          0          0          0          0 
       432        408        422        398        420        409        419        436        420        387 
];
router03=[         0          0          0          0          0          0          0          0          0          0 
         0          0          0          0          0          0          0          0          0          0 
       407        424        427        431        470        447        429        424        440        407 
         0          0          0          0          0          0          0          0          0          0 
       416        450        428        466        452        410        487        446        422        464 
];
router04=[         0          0          0          0          0          0          0          0          0          0 
       838        875       1047       1024       1135        958       1111       1038       1033       1000 
         0          0          0          0          0          0          0          0          0          0 
       429        403        446        396        444        397        444        394        437        402 
       504        446        459        434        458        456        543        530        550        498 
];
router05=[       399        449        390        452        387        442        398        439        393        443 
       821        875        849        880        856        874        839        864        857        858 
         0          0          0          0          0          0          0          0          0          0 
         0          0          0          0          0          0          0          0          0          0 
         0          0          0          0          0          0          0          0          0          0 
];
router06=[       428        429        405        430        403        428        406        420        403        415 
         0          0          0          0          0          0          0          0          0          0 
       863        852        871        840        882        840        862        847        881        835 
         0          0          0          0          0          0          0          0          0          0 
       420        440        431        414        432        426        464        413        447        440 
];
router07=[       506        527        434        482        443        431        490        461        439        511 
         0          0          0          0          0          0          0          0          0          0 
       409        434        404        429        418        435        429        412        421        422 
         0          0          0          0          0          0          0          0          0          0 
       433        458        467        483        473        465        387        398        407        436 
];
router08=[         0          0          0          0          0          0          0          0          0          0 
       445        448        437        450        440        447        447        498        491        456 
         0          0          0          0          0          0          0          0          0          0 
       419        428        413        433        391        410        405        420        426        406 
       424        483        465        471        462        467        444        511        502        454 
];
router09=[         0          0          0          0          0          0          0          0          0          0 
       403        440        411        431        416        432        414        426        409        439 
         0          0          0          0          0          0          0          0          0          0 
       839        834        874        825        875        823        880        832        860        836 
       400        415        439        464        437        467        448        421        460        418 
];
router10=[       914        867        833        866        820        838        848        821        829        842 
       444        418        450        411        447        409        448        411        440        406 
         0          0          0          0          0          0          0          0          0          0 
         0          0          0          0          0          0          0          0          0          0 
         0          0          0          0          0          0          0          0          0          0 
];
router11=[      1254       1009        991       1038       1087        967       1070       1040       1098       1015 
         0          0          0          0          0          0          0          0          0          0 
       436        422        436        428        435        421        435        420        436        415 
         0          0          0          0          0          0          0          0          0          0 
       478        517        503        481        425        498        517        521        503        484 
];
router12=[         0          0          0          0          0          0          0          0          0          0 
         0          0          0          0          0          0          0          0          0          0 
         0          0          0          0          0          0          0          0          0          0 
       426        439        482        529        489        486        432        454        448        438 
       421        418        464        445        405        411        416        430        410        417 
];
router13=[         0          0          0          0          0          0          0          0          0          0 
         0          0          0          0          0          0          0          0          0          0 
         0          0          0          0          0          0          0          0          0          0 
       732        759        974        906        890        884        914        882        910        877 
       444        415        404        419        419        421        441        399        436        415 
];
