router00=[         0          0          0          0          0          0          0          0          0          0 
      1134       1126       1793       1610       1685       1687       1748       1786       1700       1763 
         0          0          0          0          0          0          0          0          0          0 
         0          0          0          0          0          0          0          0          0          0 
         0          0          0          0          0          0          0          0          0          0 
];
router01=[         0          0          0          0          0          0          0          0          0          0 
         0          0          0          0          0          0          0          0          0          0 
      1000       1030       1637       1473       1530       1463       1524       1468       1463       1477 
         0          0          0          0          0          0          0          0          0          0 
       461        444        460        438        491        458        435        443        441        441 
];
router02=[         0          0          0          0          0          0          0          0          0          0 
         0          0          0          0          0          0          0          0          0          0 
       740        751       1001        918        944        913        982        906        955        936 
         0          0          0          0          0          0          0          0          0          0 
       461        437        449        427        459        442        468        460        432        443 
];
router03=[         0          0          0          0          0          0          0          0          0          0 
         0          0          0          0          0          0          0          0          0          0 
       445        434        502        516        474        480        496        513        494        489 
         0          0          0          0          0          0          0          0          0          0 
       448        489        494        475        410        459        429        428        452        460 
];
router04=[         0          0          0          0          0          0          0          0          0          0 
      1213       1177       1617       1468       1547       1391       1647       1580       1537       1426 
         0          0          0          0          0          0          0          0          0          0 
       437        471        447        456        446        461        436        460        440        458 
       702        763        796        750        722        658        592        732        773        624 
];
router05=[       451        467        440        463        442        453        438        461        436        461 
       876        917        901        918        903        913        903        923        897        908 
         0          0          0          0          0          0          0          0          0          0 
         0          0          0          0          0          0          0          0          0          0 
         0          0          0          0          0          0          0          0          0          0 
];
router06=[       479        448        444        457        440        455        442        457        445        443 
         0          0          0          0          0          0          0          0          0          0 
       876        931        896        923        883        915        914        902        902        909 
         0          0          0          0          0          0          0          0          0          0 
       443        470        482        444        458        424        428        443        460        453 
];
router07=[       652        497        518        478        496        554        487        532        607        489 
         0          0          0          0          0          0          0          0          0          0 
       435        475        478        457        451        447        460        437        487        439 
         0          0          0          0          0          0          0          0          0          0 
       480        507        478        498        457        508        437        502        475        446 
];
router08=[         0          0          0          0          0          0          0          0          0          0 
       509        487        559        570        502        535        529        512        570        485 
         0          0          0          0          0          0          0          0          0          0 
       440        464        420        462        441        461        401        452        461        476 
       494        493        474        586        534        510        500        488        510        528 
];
router09=[         0          0          0          0          0          0          0          0          0          0 
       453        450        475        446        472        446        467        450        469        451 
         0          0          0          0          0          0          0          0          0          0 
       880        913        867        926        888        904        894        914        905        892 
       434        465        436        439        425        455        451        462        461        466 
];
router10=[       988        904        897        890        887        882        878        877        895        885 
       444        445        454        440        453        441        448        439        450        439 
         0          0          0          0          0          0          0          0          0          0 
         0          0          0          0          0          0          0          0          0          0 
         0          0          0          0          0          0          0          0          0          0 
];
router11=[      1628       1441       1458       1277       1223       1130       1345       1302       1372        990 
         0          0          0          0          0          0          0          0          0          0 
       433        457        436        456        433        461        435        455        431        456 
         0          0          0          0          0          0          0          0          0          0 
       650        663        589        585        596        568        641        624        566        657 
];
router12=[         0          0          0          0          0          0          0          0          0          0 
         0          0          0          0          0          0          0          0          0          0 
         0          0          0          0          0          0          0          0          0          0 
       450        424        556        536        504        524        576        583        497        562 
       452        415        453        454        453        446        452        451        436        485 
];
router13=[         0          0          0          0          0          0          0          0          0          0 
         0          0          0          0          0          0          0          0          0          0 
         0          0          0          0          0          0          0          0          0          0 
       678        702        965        910        968        934        940        924        960        948 
       435        494        447        449        490        422        484        465        442        438 
];
