router00=[         0          0          0          0          0          0          0          0          0          0 
      1125       1082       1651       1471       1630       1493       1640       1610       1581       1523 
         0          0          0          0          0          0          0          0          0          0 
         0          0          0          0          0          0          0          0          0          0 
         0          0          0          0          0          0          0          0          0          0 
];
router01=[         0          0          0          0          0          0          0          0          0          0 
         0          0          0          0          0          0          0          0          0          0 
      1001       1091       1492       1429       1480       1423       1428       1418       1523       1468 
         0          0          0          0          0          0          0          0          0          0 
       413        448        417        397        426        424        423        441        444        436 
];
router02=[         0          0          0          0          0          0          0          0          0          0 
         0          0          0          0          0          0          0          0          0          0 
       742        772        944        890        957        920        933        879        916        933 
         0          0          0          0          0          0          0          0          0          0 
       416        448        465        416        452        452        450        438        421        454 
];
router03=[         0          0          0          0          0          0          0          0          0          0 
         0          0          0          0          0          0          0          0          0          0 
       416        411        554        471        488        465        478        455        478        433 
         0          0          0          0          0          0          0          0          0          0 
       399        453        475        420        463        445        455        466        479        423 
];
router04=[         0          0          0          0          0          0          0          0          0          0 
      1004       1041       1356       1137       1296       1284       1254       1241       1449       1210 
         0          0          0          0          0          0          0          0          0          0 
       407        451        411        447        412        435        418        434        413        441 
       558        657        691        593        634        626        662        634        597        625 
];
router05=[       424        442        414        440        414        436        414        437        414        434 
       869        877        907        885        918        870        905        869        924        854 
         0          0          0          0          0          0          0          0          0          0 
         0          0          0          0          0          0          0          0          0          0 
         0          0          0          0          0          0          0          0          0          0 
];
router06=[       486        427        456        428        457        418        459        423        452        419 
         0          0          0          0          0          0          0          0          0          0 
       882        859        939        862        923        854        912        852        918        877 
         0          0          0          0          0          0          0          0          0          0 
       412        457        452        456        462        439        462        411        451        440 
];
router07=[       585        476        555        476        502        509        489        490        493        466 
         0          0          0          0          0          0          0          0          0          0 
       458        438        447        413        471        439        456        446        453        436 
         0          0          0          0          0          0          0          0          0          0 
       500        494        475        444        512        466        432        513        473        468 
];
router08=[         0          0          0          0          0          0          0          0          0          0 
       487        476        526        536        489        575        551        484        540        496 
         0          0          0          0          0          0          0          0          0          0 
       458        451        433        448        442        448        415        448        434        435 
       536        487        466        448        461        482        514        499        498        446 
];
router09=[         0          0          0          0          0          0          0          0          0          0 
       445        445        454        456        436        463        435        455        440        445 
         0          0          0          0          0          0          0          0          0          0 
       903        855        921        867        907        867        898        877        896        863 
       428        437        425        462        454        463        423        442        465        439 
];
router10=[       988        879        898        860        885        857        886        853        890        858 
       413        447        415        442        416        444        409        449        408        441 
         0          0          0          0          0          0          0          0          0          0 
         0          0          0          0          0          0          0          0          0          0 
         0          0          0          0          0          0          0          0          0          0 
];
router11=[      1387       1245       1140       1102       1150       1190       1097       1109       1126       1106 
         0          0          0          0          0          0          0          0          0          0 
       385        472        394        472        385        470        384        470        385        467 
         0          0          0          0          0          0          0          0          0          0 
       520        503        497        510        556        527        549        574        554        536 
];
router12=[         0          0          0          0          0          0          0          0          0          0 
         0          0          0          0          0          0          0          0          0          0 
         0          0          0          0          0          0          0          0          0          0 
       429        434        536        478        488        480        527        474        483        457 
       438        448        451        442        431        426        457        448        440        453 
];
router13=[         0          0          0          0          0          0          0          0          0          0 
         0          0          0          0          0          0          0          0          0          0 
         0          0          0          0          0          0          0          0          0          0 
       688        735        953        941        945        937        954        909        935        910 
       454        463        418        451        438        421        480        444        422        466 
];
