router00=[         0          0          0          0          0          0          0          0          0          0 
      1084       1109       1332       1205       1408       1232       1268       1288       1357       1320 
         0          0          0          0          0          0          0          0          0          0 
         0          0          0          0          0          0          0          0          0          0 
         0          0          0          0          0          0          0          0          0          0 
];
router01=[         0          0          0          0          0          0          0          0          0          0 
         0          0          0          0          0          0          0          0          0          0 
      1071       1108       1315       1276       1277       1253       1325       1233       1304       1254 
         0          0          0          0          0          0          0          0          0          0 
       411        411        451        390        420        419        416        412        407        431 
];
router02=[         0          0          0          0          0          0          0          0          0          0 
         0          0          0          0          0          0          0          0          0          0 
       727        755        828        830        824        814        831        812        814        809 
         0          0          0          0          0          0          0          0          0          0 
       413        402        404        402        429        424        425        405        395        372 
];
router03=[         0          0          0          0          0          0          0          0          0          0 
         0          0          0          0          0          0          0          0          0          0 
       388        407        418        425        456        401        401        436        430        414 
         0          0          0          0          0          0          0          0          0          0 
       385        437        377        412        422        438        406        409        403        373 
];
router04=[         0          0          0          0          0          0          0          0          0          0 
       803        890        977        969        904        949        903        932        925        962 
         0          0          0          0          0          0          0          0          0          0 
       431        402        430        404        437        404        432        400        435        393 
       554        508        441        472        471        507        487        461        552        411 
];
router05=[       441        407        428        412        424        400        432        393        433        398 
       788        826        825        818        826        807        835        816        824        815 
         0          0          0          0          0          0          0          0          0          0 
         0          0          0          0          0          0          0          0          0          0 
         0          0          0          0          0          0          0          0          0          0 
];
router06=[       457        379        442        377        431        377        436        372        438        374 
         0          0          0          0          0          0          0          0          0          0 
       809        815        837        799        828        816        828        813        830        805 
         0          0          0          0          0          0          0          0          0          0 
       350        418        382        437        414        402        388        392        387        403 
];
router07=[       457        408        406        410        400        410        401        404        401        395 
         0          0          0          0          0          0          0          0          0          0 
       395        397        423        410        398        409        406        414        422        402 
         0          0          0          0          0          0          0          0          0          0 
       400        428        429        431        434        403        421        407        384        383 
];
router08=[         0          0          0          0          0          0          0          0          0          0 
       415        457        442        456        409        419        440        446        445        422 
         0          0          0          0          0          0          0          0          0          0 
       421        424        423        394        401        413        416        354        411        414 
       451        456        424        422        397        406        431        403        406        467 
];
router09=[         0          0          0          0          0          0          0          0          0          0 
       389        430        391        427        391        424        394        425        391        423 
         0          0          0          0          0          0          0          0          0          0 
       797        804        805        812        812        809        801        794        819        791 
       392        397        423        414        443        381        394        424        411        435 
];
router10=[       831        853        760        837        764        819        773        810        767        830 
       412        409        411        402        412        404        410        396        416        390 
         0          0          0          0          0          0          0          0          0          0 
         0          0          0          0          0          0          0          0          0          0 
         0          0          0          0          0          0          0          0          0          0 
];
router11=[       992        839        864        828        887        792        810        795        874        828 
         0          0          0          0          0          0          0          0          0          0 
       414        401        419        401        413        399        413        398        411        393 
         0          0          0          0          0          0          0          0          0          0 
       414        372        410        435        374        472        389        405        419        431 
];
router12=[         0          0          0          0          0          0          0          0          0          0 
         0          0          0          0          0          0          0          0          0          0 
         0          0          0          0          0          0          0          0          0          0 
       392        395        408        410        431        408        385        394        426        413 
       380        385        438        407        395        401        385        405        427        404 
];
router13=[         0          0          0          0          0          0          0          0          0          0 
         0          0          0          0          0          0          0          0          0          0 
         0          0          0          0          0          0          0          0          0          0 
       752        766        860        826        827        833        816        811        845        825 
       417        403        408        426        417        387        407        404        407        400 
];
