router00=[         0          0          0          0          0          0          0          0          0          0 
      1052       1117       1173       1177       1198       1220       1158       1149       1150       1157 
         0          0          0          0          0          0          0          0          0          0 
         0          0          0          0          0          0          0          0          0          0 
         0          0          0          0          0          0          0          0          0          0 
];
router01=[         0          0          0          0          0          0          0          0          0          0 
         0          0          0          0          0          0          0          0          0          0 
      1071       1058       1176       1151       1152       1146       1169       1131       1186       1129 
         0          0          0          0          0          0          0          0          0          0 
       396        395        381        379        341        374        376        411        377        380 
];
router02=[         0          0          0          0          0          0          0          0          0          0 
         0          0          0          0          0          0          0          0          0          0 
       742        717        796        762        740        748        760        748        793        752 
         0          0          0          0          0          0          0          0          0          0 
       400        388        372        391        389        317        363        364        399        358 
];
router03=[         0          0          0          0          0          0          0          0          0          0 
         0          0          0          0          0          0          0          0          0          0 
       382        369        380        377        390        369        386        381        372        368 
         0          0          0          0          0          0          0          0          0          0 
       377        394        402        390        398        378        385        386        354        386 
];
router04=[         0          0          0          0          0          0          0          0          0          0 
       780        753        825        792        783        800        806        765        827        771 
         0          0          0          0          0          0          0          0          0          0 
       386        378        388        382        381        382        377        377        382        377 
       401        353        370        389        380        426        440        401        381        458 
];
router05=[       378        390        370        394        371        390        371        388        375        383 
       752        712        763        726        765        725        752        713        761        716 
         0          0          0          0          0          0          0          0          0          0 
         0          0          0          0          0          0          0          0          0          0 
         0          0          0          0          0          0          0          0          0          0 
];
router06=[       385        382        373        379        363        390        361        382        368        372 
         0          0          0          0          0          0          0          0          0          0 
       732        744        735        742        723        751        724        751        742        741 
         0          0          0          0          0          0          0          0          0          0 
       387        377        367        402        368        394        372        402        369        357 
];
router07=[       430        383        397        375        384        374        398        368        406        371 
         0          0          0          0          0          0          0          0          0          0 
       343        371        343        366        365        376        343        368        359        369 
         0          0          0          0          0          0          0          0          0          0 
       361        364        363        392        395        386        343        356        371        371 
];
router08=[         0          0          0          0          0          0          0          0          0          0 
       374        395        405        420        376        375        402        383        378        389 
         0          0          0          0          0          0          0          0          0          0 
       349        392        367        403        351        394        372        391        369        353 
       366        383        363        376        378        384        401        373        392        434 
];
router09=[         0          0          0          0          0          0          0          0          0          0 
       350        368        355        368        359        359        362        365        355        369 
         0          0          0          0          0          0          0          0          0          0 
       760        733        766        738        779        741        771        736        772        740 
       396        357        379        422        383        359        369        387        371        369 
];
router10=[       813        755        755        739        763        733        753        743        749        733 
       346        410        355        399        356        399        353        401        347        401 
         0          0          0          0          0          0          0          0          0          0 
         0          0          0          0          0          0          0          0          0          0 
         0          0          0          0          0          0          0          0          0          0 
];
router11=[       901        809        760        760        770        748        737        734        749        732 
         0          0          0          0          0          0          0          0          0          0 
       354        402        354        396        357        400        357        394        361        392 
         0          0          0          0          0          0          0          0          0          0 
       381        356        352        369        383        412        401        353        387        357 
];
router12=[         0          0          0          0          0          0          0          0          0          0 
         0          0          0          0          0          0          0          0          0          0 
         0          0          0          0          0          0          0          0          0          0 
       359        386        396        437        370        411        355        375        406        394 
       352        409        399        381        365        383        388        369        378        350 
];
router13=[         0          0          0          0          0          0          0          0          0          0 
         0          0          0          0          0          0          0          0          0          0 
         0          0          0          0          0          0          0          0          0          0 
       712        709        786        762        785        772        773        748        772        732 
       350        380        335        349        358        373        363        370        344        381 
];
