router00=[         0          0          0          0          0          0          0          0          0          0 
      1110       1142       1451       1354       1378       1333       1387       1374       1408       1350 
         0          0          0          0          0          0          0          0          0          0 
         0          0          0          0          0          0          0          0          0          0 
         0          0          0          0          0          0          0          0          0          0 
];
router01=[         0          0          0          0          0          0          0          0          0          0 
         0          0          0          0          0          0          0          0          0          0 
      1093       1103       1370       1278       1319       1311       1303       1321       1337       1355 
         0          0          0          0          0          0          0          0          0          0 
       444        414        428        413        404        427        414        401        409        414 
];
router02=[         0          0          0          0          0          0          0          0          0          0 
         0          0          0          0          0          0          0          0          0          0 
       729        784        917        830        858        848        857        839        897        830 
         0          0          0          0          0          0          0          0          0          0 
       414        426        413        433        397        392        403        426        404        408 
];
router03=[         0          0          0          0          0          0          0          0          0          0 
         0          0          0          0          0          0          0          0          0          0 
       416        404        427        417        448        415        483        422        440        400 
         0          0          0          0          0          0          0          0          0          0 
       419        379        395        443        407        380        443        440        416        424 
];
router04=[         0          0          0          0          0          0          0          0          0          0 
       886        845       1025        990       1084       1052       1021       1049       1094        970 
         0          0          0          0          0          0          0          0          0          0 
       418        414        426        410        424        411        422        411        422        410 
       504        474        524        568        477        519        503        496        528        444 
];
router05=[       403        443        395        440        390        439        390        434        399        435 
       820        834        870        827        840        826        851        831        856        813 
         0          0          0          0          0          0          0          0          0          0 
         0          0          0          0          0          0          0          0          0          0 
         0          0          0          0          0          0          0          0          0          0 
];
router06=[       439        411        420        396        422        405        417        406        420        404 
         0          0          0          0          0          0          0          0          0          0 
       831        825        855        827        847        835        839        836        832        841 
         0          0          0          0          0          0          0          0          0          0 
       424        416        392        431        417        407        440        437        435        435 
];
router07=[       462        440        420        400        420        400        439        401        415        411 
         0          0          0          0          0          0          0          0          0          0 
       402        441        401        436        385        442        387        427        422        417 
         0          0          0          0          0          0          0          0          0          0 
       420        430        421        426        409        374        404        420        371        404 
];
router08=[         0          0          0          0          0          0          0          0          0          0 
       421        437        488        422        479        445        431        454        480        478 
         0          0          0          0          0          0          0          0          0          0 
       397        415        441        404        400        404        415        403        418        419 
       401        431        406        465        418        444        443        416        451        441 
];
router09=[         0          0          0          0          0          0          0          0          0          0 
       398        434        404        436        401        432        406        430        404        423 
         0          0          0          0          0          0          0          0          0          0 
       812        822        842        830        843        834        842        833        846        846 
       417        405        430        435        433        413        372        417        452        452 
];
router10=[       907        845        822        827        833        821        834        818        818        825 
       396        431        399        433        398        429        399        426        400        425 
         0          0          0          0          0          0          0          0          0          0 
         0          0          0          0          0          0          0          0          0          0 
         0          0          0          0          0          0          0          0          0          0 
];
router11=[       998        873        878        795        887        820        865        827        823        817 
         0          0          0          0          0          0          0          0          0          0 
       392        436        394        438        394        436        390        434        390        432 
         0          0          0          0          0          0          0          0          0          0 
       421        441        429        426        406        412        376        385        441        418 
];
router12=[         0          0          0          0          0          0          0          0          0          0 
         0          0          0          0          0          0          0          0          0          0 
         0          0          0          0          0          0          0          0          0          0 
       394        407        422        427        455        417        426        404        410        398 
       426        434        445        434        409        460        424        395        401        411 
];
router13=[         0          0          0          0          0          0          0          0          0          0 
         0          0          0          0          0          0          0          0          0          0 
         0          0          0          0          0          0          0          0          0          0 
       732        756        873        843        847        778        842        810        895        814 
       428        410        389        435        430        376        443        429        417        403 
];
