router00=[         0          0          0          0          0          0          0          0          0          0 
      1006       1022       1092       1082       1037       1080       1082       1047       1094       1046 
         0          0          0          0          0          0          0          0          0          0 
         0          0          0          0          0          0          0          0          0          0 
         0          0          0          0          0          0          0          0          0          0 
];
router01=[         0          0          0          0          0          0          0          0          0          0 
         0          0          0          0          0          0          0          0          0          0 
      1033       1018       1083       1055       1071       1037       1080       1064       1078       1048 
         0          0          0          0          0          0          0          0          0          0 
       338        340        348        362        334        349        380        359        362        329 
];
router02=[         0          0          0          0          0          0          0          0          0          0 
         0          0          0          0          0          0          0          0          0          0 
       694        683        728        685        728        709        713        696        734        696 
         0          0          0          0          0          0          0          0          0          0 
       377        387        360        388        317        344        339        369        359        338 
];
router03=[         0          0          0          0          0          0          0          0          0          0 
         0          0          0          0          0          0          0          0          0          0 
       352        337        367        360        378        367        350        376        339        379 
         0          0          0          0          0          0          0          0          0          0 
       324        340        365        324        344        336        323        370        373        366 
];
router04=[         0          0          0          0          0          0          0          0          0          0 
       691        707        718        701        724        713        731        722        709        690 
         0          0          0          0          0          0          0          0          0          0 
       337        360        344        358        342        360        342        360        338        360 
       406        361        337        354        357        330        338        362        339        339 
];
router05=[       363        349        353        344        357        344        353        347        350        341 
       661        691        708        679        712        674        702        681        684        683 
         0          0          0          0          0          0          0          0          0          0 
         0          0          0          0          0          0          0          0          0          0 
         0          0          0          0          0          0          0          0          0          0 
];
router06=[       378        360        362        354        359        353        365        353        363        346 
         0          0          0          0          0          0          0          0          0          0 
       687        672        712        681        692        671        708        669        718        665 
         0          0          0          0          0          0          0          0          0          0 
       366        347        358        369        377        339        337        359        328        347 
];
router07=[       370        351        348        348        346        344        349        339        349        338 
         0          0          0          0          0          0          0          0          0          0 
       343        356        333        349        337        344        337        349        347        331 
         0          0          0          0          0          0          0          0          0          0 
       317        388        361        341        366        343        359        343        354        374 
];
router08=[         0          0          0          0          0          0          0          0          0          0 
       370        365        355        368        363        362        362        365        354        366 
         0          0          0          0          0          0          0          0          0          0 
       357        337        364        339        375        365        390        337        363        351 
       357        369        353        356        341        337        357        321        325        354 
];
router09=[         0          0          0          0          0          0          0          0          0          0 
       359        332        362        323        373        321        360        326        359        321 
         0          0          0          0          0          0          0          0          0          0 
       685        736        688        731        702        723        695        728        692        725 
       356        324        328        369        355        363        324        330        344        360 
];
router10=[       748        724        696        714        707        718        705        697        692        704 
       303        394        310        389        315        384        315        383        308        384 
         0          0          0          0          0          0          0          0          0          0 
         0          0          0          0          0          0          0          0          0          0 
         0          0          0          0          0          0          0          0          0          0 
];
router11=[       835        715        740        696        698        709        718        678        743        683 
         0          0          0          0          0          0          0          0          0          0 
       330        365        332        368        338        361        341        358        334        358 
         0          0          0          0          0          0          0          0          0          0 
       349        340        358        310        334        364        342        359        385        331 
];
router12=[         0          0          0          0          0          0          0          0          0          0 
         0          0          0          0          0          0          0          0          0          0 
         0          0          0          0          0          0          0          0          0          0 
       340        339        359        345        378        330        351        328        362        333 
       353        382        354        364        338        366        346        355        373        374 
];
router13=[         0          0          0          0          0          0          0          0          0          0 
         0          0          0          0          0          0          0          0          0          0 
         0          0          0          0          0          0          0          0          0          0 
       673        695        709        721        695        723        677        731        691        696 
       341        352        344        338        332        336        350        364        325        344 
];
