%rate: 2000 cycles per 10k cycles
router00=[         0          0          0          0          0          0          0          0          0          0 
     22046      22557      30625      29907      21222      21337      22070      22488      22244      21772 
         0          0          0          0          0          0          0          0          0          0 
      1434       1423       1442       1411       1350       1503       2307       1958       1252       1343 
      7685       7241       6593       7537       8273       7105       7565       7458       7040       8143 
];
router01=[         0          0          0          0          0          0          0          0          0          0 
      3284       3643       5173       4351       3115       3230       3584       3505       3393       3363 
     12513      12009      12362      12549      15114      12043      11682      12230      12240      12885 
      3908       4149       4739       4134       4041       3825       5930       4626       4141       4086 
      3905       4037       3708       4086       4051       4330       4073       4438       4059       3818 
];
router02=[         0          0          0          0          0          0          0          0          0          0 
      2645       2710       3454       2701       2390       2725       2218       2618       2627       2854 
      2633       2501       2637       2555       4470       3603       2259       2703       2386       2748 
      6099       5691       6138       6326       5541       6144       9004       6986       5295       6444 
      4201       4563       3280       3956       4334       3896       5485       2734       4806       2965 
];
router03=[         0          0          0          0          0          0          0          0          0          0 
      4161       4055       6487       6052       4257       4178       4308       4076       4530       4378 
      1577       1534       1566       1551       2583       2192       1395       1557       1645       1470 
         0          0          0          0          0          0          0          0          0          0 
      6838       6720       6439       6990       7240       7114       7030       6387       6823       7514 
];
router04=[     27214      23964      18643      20348      20590      21122      20049      19730      20603      20634 
     13231      13632      18425      15782      12279      13521      13913      13384      13831      13246 
         0          0          0          0          0          0          0          0          0          0 
      1629       1637       1531       1612       1618       1595       2773       2489       1570       1549 
      6162       6305       7187       6450       6238       6810       6442       6395       6602       6851 
];
router05=[     19585      17911      13775      14554      15094      15109      15300      14799      15233      14992 
      3425       3265       4711       3625       3071       3063       3025       3138       2942       3167 
      8676       8560       8481       8616      11571      10336       7799       7695       8391       8216 
      3269       3176       3193       3016       3246       3605       5669       4045       3080       3058 
      4432       4692       4127       4607       4697       4001       4342       4630       4251       4278 
];
router06=[      4058       3967       3364       2939       3084       3486       3071       3197       3448       3244 
      3100       2819       4210       3449       2912       3163       3010       2949       3203       3286 
      2325       2421       2595       2527       4125       3507       2146       2367       2303       2462 
      6765       7718       7293       7904       7990       7016      10404       9257       6575       6981 
      5430       5896       4549       3786       4797       4469       3770       4360       4899       3740 
];
router07=[     33671      30412      25761      26427      27499      26125      27230      26416      26384      26754 
      6836       7000       8686       8451       5952       6265       7267       6548       7031       6799 
      1709       1621       1669       1840       2850       2311       1553       1670       1811       1700 
         0          0          0          0          0          0          0          0          0          0 
      6251       5741       6413       6077       6728       6389       6263       6248       6813       6185 
];
router08=[      8984       7215       5212       6141       5519       5596       6015       6056       6483       6321 
     12481      13393      16959      15640      11939      13301      13780      13745      13186      12659 
         0          0          0          0          0          0          0          0          0          0 
      2150       2028       1986       2087       2177       2296       3703       3294       1841       1905 
      4817       4916       4900       5282       4995       4912       5408       4564       5224       4872 
];
router09=[      5979       4989       4075       4482       3937       4165       3790       4308       3789       3934 
      3428       3352       4484       3734       3381       3386       3884       3611       3422       3574 
      7944       8039       7798       7901      11992      10015       7475       7600       8070       7767 
      3901       3756       4134       4266       4208       3977       6204       5148       4389       3735 
      3010       3232       3040       2792       3014       2929       2842       2960       2807       2966 
];
router10=[      4768       3730       3133       3330       3112       3211       3058       3145       3583       3172 
      2738       2922       3856       3183       2398       2989       2645       3139       2335       2760 
      2678       2768       2857       2639       5026       4580       2686       2774       2810       2711 
      9421       8054       8601       9171       9583       9452      13359      11530       8829       8722 
      5201       4072       5455       5791       4652       4584       4689       3654       4293       4982 
];
router11=[     21214      20399      14698      15042      15041      15663      15575      15193      15212      16850 
     10167      10657      13580      13100      10321      10924       9369       9894      10204      10275 
      1954       2066       1810       1794       3339       2827       1685       1925       2072       1932 
         0          0          0          0          0          0          0          0          0          0 
      4412       4707       5036       5059       4764       4528       4554       4809       4640       4644 
];
router12=[      3161       2471       1667       1949       1916       1958       1974       1992       1902       2013 
         0          0          0          0          0          0          0          0          0          0 
         0          0          0          0          0          0          0          0          0          0 
      2079       2037       2015       2145       1893       2018       3800       3324       1853       1909 
      3379       2963       3116       3184       3260       3257       2980       3016       2819       3299 
];
router13=[      4869       3954       2711       3003       3409       3382       3000       3350       3521       3120 
         0          0          0          0          0          0          0          0          0          0 
      3772       4184       4247       3815       6113       5101       3538       3617       3832       3799 
      3571       3520       3841       3445       3307       3719       5546       4468       3605       3681 
      2322       2420       2125       2381       2501       2409       2414       2423       2346       2303 
];
