%rate: 1100 cycles per 10k cycles
router00=[         0          0          0          0          0          0          0          0          0          0 
       165        178        168        173        137        165        165        168        156        159 
         0          0          0          0          0          0          0          0          0          0 
       177        190        161        189        165        172        195        190        179        179 
       227        198        237        191        199        223        222        203        216        204 
];
router01=[         0          0          0          0          0          0          0          0          0          0 
       160        182        185        176        157        172        166        167        180        150 
       165        184        180        165        195        177        167        162        183        172 
       237        227        226        247        221        241        274        257        206        214 
       199        210        229        207        228        229        237        220        212        218 
];
router02=[         0          0          0          0          0          0          0          0          0          0 
       146        186        172        175        169        174        161        166        163        156 
       224        249        220        239        268        233        228        217        226        250 
       164        179        177        159        192        173        202        173        167        161 
       200        240        223        227        217        200        222        224        229        217 
];
router03=[         0          0          0          0          0          0          0          0          0          0 
       154        152        209        156        143        175        151        163        174        159 
       164        157        180        173        199        183        156        159        165        176 
         0          0          0          0          0          0          0          0          0          0 
       244        209        216        201        206        204        206        227        227        213 
];
router04=[       175        162        162        161        152        152        162        170        143        156 
       213        233        239        215        200        234        222        235        195        210 
         0          0          0          0          0          0          0          0          0          0 
       158        183        156        188        180        189        211        195        158        178 
       187        204        220        208        236        207        219        262        228        216 
];
router05=[       165        172        152        172        163        172        164        178        163        173 
       225        198        268        207        216        209        201        221        225        228 
       162        191        173        191        190        186        149        189        178        168 
       239        241        248        261        244        238        286        247        218        224 
       238        200        229        219        215        216        223        211        212        224 
];
router06=[       163        190        165        166        160        168        150        175        177        179 
       231        203        262        209        205        203        238        207        228        215 
       242        251        250        257        288        252        213        225        215        231 
       173        199        167        191        188        164        210        180        174        170 
       219        192        240        225        211        228        217        243        241        243 
];
router07=[       175        170        156        180        138        173        147        167        148        183 
       203        232        230        233        209        223        206        229        208        235 
       183        184        205        179        195        167        172        159        185        179 
         0          0          0          0          0          0          0          0          0          0 
       225        232        211        230        213        213        222        204        192        232 
];
router08=[       237        219        207        214        217        215        216        208        196        240 
       169        173        176        167        167        167        166        175        158        168 
         0          0          0          0          0          0          0          0          0          0 
       157        185        159        179        184        174        198        163        153        173 
       179        228        208        233        224        218        205        212        206        218 
];
router09=[       230        229        203        221        200        213        210        216        213        223 
       168        157        180        163        166        159        180        164        175        147 
       159        182        178        180        204        183        161        171        181        183 
       221        235        252        234        235        216        291        241        203        207 
       194        204        232        228        211        210        238        221        250        232 
];
router10=[       260        220        194        234        213        231        217        231        223        232 
       165        171        188        154        162        157        164        158        160        164 
       223        247        207        235        266        266        233        224        236        228 
       172        173        182        180        164        199        195        198        160        170 
       228        227        218        211        216        215        190        243        224        207 
];
router11=[       254        218        204        207        226        196        227        205        220        212 
       163        164        167        155        175        150        157        164        175        169 
       178        190        184        192        227        171        162        180        168        174 
         0          0          0          0          0          0          0          0          0          0 
       237        233        237        204        227        239        215        224        233        224 
];
router12=[       189        160        157        163        163        145        153        170        163        149 
         0          0          0          0          0          0          0          0          0          0 
         0          0          0          0          0          0          0          0          0          0 
       161        198        162        176        161        196        175        178        142        180 
       231        235        225        238        233        220        232        207        211        220 
];
router13=[       194        170        151        178        168        163        166        159        153        164 
         0          0          0          0          0          0          0          0          0          0 
       168        180        178        189        205        172        166        164        186        178 
       233        238        217        251        226        251        276        242        208        227 
       232        211        212        226        243        248        201        216        225        219 
];
