%rate: 1000 cycles per 10k cycles
router00=[         0          0          0          0          0          0          0          0          0          0 
       138        145        167        159        153        153        169        155        153        144 
         0          0          0          0          0          0          0          0          0          0 
       147        156        168        180        154        172        178        162        134        157 
       191        199        188        203        201        180        180        202        180        183 
];
router01=[         0          0          0          0          0          0          0          0          0          0 
       155        156        150        159        133        134        149        147        148        150 
       162        167        173        166        167        181        151        163        164        153 
       214        242        224        221        209        220        252        209        216        211 
       209        189        204        191        224        183        209        195        189        215 
];
router02=[         0          0          0          0          0          0          0          0          0          0 
       165        147        196        132        158        160        157        121        155        139 
       224        216        220        211        254        198        197        223        230        200 
       154        191        161        175        158        171        170        176        151        172 
       191        194        193        223        216        210        203        192        198        159 
];
router03=[         0          0          0          0          0          0          0          0          0          0 
       158        149        175        156        141        135        152        142        177        142 
       159        171        148        163        209        162        155        160        177        175 
         0          0          0          0          0          0          0          0          0          0 
       190        223        217        203        194        206        196        200        195        190 
];
router04=[       138        151        132        153        149        139        133        143        139        141 
       206        215        210        224        180        209        197        210        179        220 
         0          0          0          0          0          0          0          0          0          0 
       148        184        152        184        163        180        181        171        151        184 
       204        176        210        224        225        198        202        216        200        183 
];
router05=[       149        168        136        157        129        167        153        153        141        161 
       185        211        212        231        175        214        198        219        192        206 
       167        170        159        166        173        160        145        170        167        172 
       188        229        207        227        217        230        248        239        194        215 
       187        182        198        248        209        187        210        187        219        206 
];
router06=[       145        158        125        173        139        166        143        160        145        151 
       208        228        246        214        203        195        192        198        199        212 
       225        222        212        236        248        224        214        215        225        216 
       145        163        166        155        173        168        180        175        131        146 
       215        209        222        189        193        194        224        213        211        210 
];
router07=[       159        134        154        151        147        153        152        144        157        152 
       187        185        227        195        179        199        190        193        206        191 
       181        161        168        180        197        175        159        160        160        169 
         0          0          0          0          0          0          0          0          0          0 
       191        188        195        183        202        184        211        208        190        218 
];
router08=[       213        207        194        188        195        204        181        209        176        203 
       132        172        134        162        133        153        133        159        139        153 
         0          0          0          0          0          0          0          0          0          0 
       162        173        170        163        168        167        191        168        151        152 
       194        214        223        212        209        183        203        184        172        215 
];
router09=[       220        217        204        200        200        198        205        195        195        181 
       151        166        154        165        146        171        146        146        141        159 
       153        173        168        159        174        147        143        144        146        150 
       229        216        217        209        213        223        271        229        194        207 
       214        187        185        205        193        219        208        215        223        195 
];
router10=[       229        202        205        195        209        183        216        189        222        202 
       170        159        184        164        150        149        164        150        172        159 
       219        224        211        214        219        223        178        206        216        220 
       158        163        145        161        172        172        193        145        169        159 
       216        181        195        191        207        187        198        233        206        210 
];
router11=[       206        216        164        208        174        215        181        196        180        215 
       155        154        169        150        146        140        146        139        158        148 
       138        152        156        168        179        180        147        180        157        163 
         0          0          0          0          0          0          0          0          0          0 
       216        203        191        194        227        211        223        180        205        193 
];
router12=[       141        147        139        148        160        167        158        158        158        139 
         0          0          0          0          0          0          0          0          0          0 
         0          0          0          0          0          0          0          0          0          0 
       175        160        176        163        186        168        201        189        159        162 
       175        186        207        222        211        202        184        204        193        194 
];
router13=[       165        151        136        158        160        152        143        153        157        144 
         0          0          0          0          0          0          0          0          0          0 
       148        173        158        176        164        178        144        170        150        169 
       199        242        227        205        245        230        273        224        215        204 
       195        225        202        233        213        184        208        198        203        220 
];
