%rate: 1300 cycles per 10k cycles
router00=[         0          0          0          0          0          0          0          0          0          0 
       180        219        213        199        174        215        193        169        196        180 
         0          0          0          0          0          0          0          0          0          0 
       178        230        210        210        208        230        237        206        194        185 
       246        245        264        285        242        263        250        243        247        259 
];
router01=[         0          0          0          0          0          0          0          0          0          0 
       204        202        220        195        187        196        197        195        219        199 
       218        211        232        196        238        197        214        206        214        201 
       259        295        269        277        284        291        340        306        236        254 
       270        251        278        235        278        235        279        286        268        262 
];
router02=[         0          0          0          0          0          0          0          0          0          0 
       201        207        218        191        182        203        204        180        207        215 
       286        277        272        260        372        290        262        284        257        269 
       213        224        215        211        198        226        249        221        204        204 
       242        250        239        261        261        303        272        255        258        238 
];
router03=[         0          0          0          0          0          0          0          0          0          0 
       199        190        230        188        189        171        200        180        217        207 
       208        207        209        206        262        207        197        181        207        207 
         0          0          0          0          0          0          0          0          0          0 
       252        263        265        241        264        282        287        259        262        236 
];
router04=[       212        179        176        185        203        182        203        175        206        179 
       251        256        336        268        235        275        271        250        251        254 
         0          0          0          0          0          0          0          0          0          0 
       198        209        209        200        194        179        238        215        173        188 
       252        234        266        262        297        256        271        267        239        261 
];
router05=[       232        207        195        191        190        194        192        194        206        198 
       253        269        304        269        260        259        265        256        261        250 
       232        200        252        217        252        197        165        215        200        214 
       246        267        277        291        255        269        316        292        264        255 
       267        267        286        264        276        275        292        235        256        273 
];
router06=[       286        256        186        244        210        235        207        202        207        196 
       247        254        315        263        255        252        268        237        263        246 
       275        304        290        295        339        317        239        280        257        283 
       216        209        192        197        208        194        253        194        178        190 
       307        260        281        254        302        254        254        261        262        279 
];
router07=[       240        214        197        183        198        193        204        194        185        200 
       250        242        285        260        240        235        257        244        261        261 
       205        210        215        225        243        223        197        203        194        199 
         0          0          0          0          0          0          0          0          0          0 
       265        275        278        282        278        263        258        273        252        238 
];
router08=[       310        246        229        259        247        260        272        262        261        243 
       202        195        197        193        177        200        196        209        189        208 
         0          0          0          0          0          0          0          0          0          0 
       196        190        195        207        206        223        276        213        192        206 
       276        281        263        256        258        267        263        250        246        238 
];
router09=[       310        298        252        269        265        275        254        262        261        255 
       200        202        223        209        193        213        192        203        214        192 
       205        219        187        227        279        214        182        218        222        240 
       264        270        288        268        283        299        361        285        247        271 
       268        259        287        272        274        240        236        286        268        236 
];
router10=[       314        282        249        246        257        252        290        252        290        270 
       201        186        224        169        205        173        212        178        225        204 
       273        273        264        291        334        303        262        269        277        274 
       241        223        259        202        267        230        273        215        243        236 
       252        291        252        275        286        232        271        260        277        255 
];
router11=[       304        293        258        270        259        267        261        244        290        247 
       170        218        183        213        159        210        174        225        195        213 
       207        214        191        231        257        210        192        215        215        210 
         0          0          0          0          0          0          0          0          0          0 
       270        268        278        290        279        243        265        254        260        251 
];
router12=[       206        210        169        194        182        191        177        200        167        187 
         0          0          0          0          0          0          0          0          0          0 
         0          0          0          0          0          0          0          0          0          0 
       183        221        195        221        207        199        290        228        182        206 
       273        266        268        243        261        251        265        274        258        258 
];
router13=[       221        228        184        195        216        195        190        211        188        194 
         0          0          0          0          0          0          0          0          0          0 
       180        222        204        226        234        202        195        199        212        204 
       275        276        272        285        280        294        393        314        252        278 
       282        263        260        257        276        252        257        229        260        272 
];
