%rate: 1500 cycles per 10k cycles
router00=[         0          0          0          0          0          0          0          0          0          0 
       216        224        323        251        214        257        288        257        248        248 
         0          0          0          0          0          0          0          0          0          0 
       206        244        246        240        238        251        269        270        212        241 
       304        291        318        310        342        277        341        301        296        303 
];
router01=[         0          0          0          0          0          0          0          0          0          0 
       247        289        287        261        222        211        246        263        250        238 
       302        316        297        294        416        376        311        294        383        329 
       318        300        335        310        324        353        490        370        317        300 
       338        326        349        286        318        352        364        319        341        311 
];
router02=[         0          0          0          0          0          0          0          0          0          0 
       211        222        304        270        231        205        238        235        215        221 
       328        340        310        327        446        376        290        309        285        333 
       252        285        248        300        304        274        356        287        246        229 
       342        332        379        304        298        286        327        317        297        367 
];
router03=[         0          0          0          0          0          0          0          0          0          0 
       227        216        265        243        193        210        237        254        242        237 
       238        251        238        240        310        247        205        221        250        225 
         0          0          0          0          0          0          0          0          0          0 
       315        281        321        308        314        319        325        300        296        284 
];
router04=[       370        256        284        290        329        233        290        261        314        284 
       319        350        467        332        291        324        328        336        305        356 
         0          0          0          0          0          0          0          0          0          0 
       244        224        248        222        232        238        313        245        198        231 
       337        323        329        329        385        315        325        311        328        398 
];
router05=[       970        805        839        704        663        737        780        788        637        545 
       301        334        473        369        290        314        313        324        313        341 
       393        397        370        360        539        340        274        371        324        257 
       314        337        300        300        329        364        445        407        332        348 
       418        389        445        394        371        388        501        381        411        395 
];
router06=[       282        268        232        247        289        261        254        283        310        291 
       313        340        534        368        275        324        325        299        338        315 
       309        362        332        369        500        399        277        348        323        308 
       314        292        266        301        351        333        396        388        270        273 
       365        374        289        350        486        329        322        338        307        342 
];
router07=[       400        318        310        399        284        283        278        336        287        382 
       292        284        413        385        290        314        282        294        292        309 
       240        250        237        248        302        283        224        233        251        242 
         0          0          0          0          0          0          0          0          0          0 
       378        344        339        308        302        302        379        328        406        335 
];
router08=[       384        355        256        291        286        291        298        314        275        296 
       230        244        264        248        223        258        249        231        234        223 
         0          0          0          0          0          0          0          0          0          0 
       253        263        274        302        279        291        419        374        239        290 
       262        302        295        292        340        307        345        301        350        325 
];
router09=[       391        324        267        318        294        312        302        304        318        341 
       227        232        271        238        239        223        244        233        239        230 
       264        286        259        289        413        294        211        280        251        242 
       306        376        359        350        400        331        491        409        299        338 
       295        306        285        380        323        335        304        302        327        343 
];
router10=[       530        413        331        333        347        370        363        386        340        361 
       319        310        297        317        318        332        291        309        358        343 
       309        316        358        337        468        390        301        312        309        324 
       456        506        518        457        566        567        717        598        482        397 
       576        420        428        410        418        344        414        438        423        408 
];
router11=[       552        437        318        305        315        349        381        331        375        327 
       299        260        377        243        247        211        271        252        330        286 
       233        241        242        234        307        242        215        247        231        249 
         0          0          0          0          0          0          0          0          0          0 
       302        322        313        267        311        335        338        302        347        383 
];
router12=[       288        224        211        215        222        223        204        249        252        259 
         0          0          0          0          0          0          0          0          0          0 
         0          0          0          0          0          0          0          0          0          0 
       222        244        224        247        238        268        343        330        245        253 
       331        298        297        301        318        280        338        300        297        304 
];
router13=[       275        352        247        263        245        253        243        229        261        265 
         0          0          0          0          0          0          0          0          0          0 
       268        361        302        269        353        282        289        249        251        289 
       352        348        403        347        344        302        472        373        333        309 
       343        284        337        302        310        336        322        337        311        354 
];
