%rate: 1700 cycles per 10k cycles
router00=[         0          0          0          0          0          0          0          0          0          0 
      2743       2690       4082       4014       2507       2896       2934       2695       2640       2838 
         0          0          0          0          0          0          0          0          0          0 
       256        277        297        281        290        277        443        313        263        247 
       940        584        941        628        640        885        676        759        733        741 
];
router01=[         0          0          0          0          0          0          0          0          0          0 
       425        528        650        637        474        476        478        540        478        487 
      1496       1564       1440       1253       1743       1593       1306       1382       1287       1260 
       538        498        546        549        573        561        778        695        521        587 
       474        469        418        521        508        395        462        422        434        474 
];
router02=[         0          0          0          0          0          0          0          0          0          0 
       418        419        649        524        338        458        439        361        443        352 
       349        380        355        438        600        536        379        412        386        408 
       671        848        735        627        564        602        817        700        586        708 
       506        522        379        436        360        409        515        911        525        713 
];
router03=[         0          0          0          0          0          0          0          0          0          0 
       306        287        407        329        225        284        228        240        273        338 
       282        268        286        256        400        308        269        219        274        249 
         0          0          0          0          0          0          0          0          0          0 
       619        480        557        529        566        554        514        584        723        638 
];
router04=[      1745       1432        997       1091        938        899       1130       1537       1185       1497 
      1224        989       1674       1433       1278       1532       1083       1296       1264       1315 
         0          0          0          0          0          0          0          0          0          0 
       275        275        331        315        287        279        473        421        264        295 
       669        784        560        622        533        601        637        618        647        635 
];
router05=[       844        666        661        810        711        686        940        840        744        748 
       494        424        769        568        456        461        590        475        512        515 
      1446       1243       1498       1517       1938       1445       1346       1166       1413       1309 
       479        405        540        444        437        447        602        469        396        543 
       484        496        499        669        595        631        579        501        472        541 
];
router06=[       690        558        584        513        472        489        526        650        396        385 
       582        578        762        592        396        446        456        540        718        689 
       403        393        491        499        670        582        397        421        424        473 
      1107        838        873       1089       1152       1451       1612       1270        883        960 
       583        529        560        633        431        648       1227        888       1045        866 
];
router07=[      1730       1733       1411       1552       1463       1412       1529       1363       1669       1502 
       817        919       1251       1079        669        740       1091        633        744        806 
       280        291        286        265        436        349        234        238        260        264 
         0          0          0          0          0          0          0          0          0          0 
       554        605        712        651        548        631        548        690        680        775 
];
router08=[       478        472        345        341        356        382        410        383        362        334 
       389        382        434        296        328        272        314        333        444        302 
         0          0          0          0          0          0          0          0          0          0 
       320        359        297        306        299        291        439        387        263        273 
       406        365        363        382        390        378        378        380        381        353 
];
router09=[       597        506        344        450        342        349        395        386        384        382 
       383        306        389        315        332        267        462        259        335        296 
       373        434        420        549        697        524        319        448        403        452 
       397        426        417        426        446        379        627        503        362        387 
       386        349        338        341        364        428        311        375        329        401 
];
router10=[       774        516        438        550        423        599        575        454        558        704 
       538        427        569        387        400        419        477        404        384        315 
       353        404        386        380        641        562        380        395        389        394 
       961        992       1133       1182       1035       1082       1644       1464       1060        784 
       475        481        477        400        886        522       1076        512        833       1345 
];
router11=[       859       1034        560        551        505        448        526        593        802        503 
       483        454        701        489        388        564        377        643        489        309 
       262        265        268        289        424        337        231        273        254        308 
         0          0          0          0          0          0          0          0          0          0 
       462        467        396        450        406        464        433        410        426        392 
];
router12=[       533        483        382        345        414        440        483        371        475        390 
         0          0          0          0          0          0          0          0          0          0 
         0          0          0          0          0          0          0          0          0          0 
       262        287        287        287        280        259        436        381        235        245 
       340        382        350        368        357        364        373        324        333        360 
];
router13=[       580        438        487        403        496        300        354        404        319        347 
         0          0          0          0          0          0          0          0          0          0 
       531        534        617        595        722        527        424        446        542        538 
       444        510        445        505        452        563        888        620        539        510 
       389        325        359        357        348        376        364        397        405        412 
];
