%rate: 1900 cycles per 10k cycles
router00=[         0          0          0          0          0          0          0          0          0          0 
      8402       8707      11059      11195       7953       8259       8328       8185       7721       8866 
         0          0          0          0          0          0          0          0          0          0 
       283        320        314        332        317        333        511        406        245        305 
      1297       1375       1217       1501       1363       1538       1461       1570       1672       1655 
];
router01=[         0          0          0          0          0          0          0          0          0          0 
       908        866       1174        832        509        844        996        932        878        962 
      3541       3292       3265       3578       4804       3773       3399       3629       3568       3242 
       704        751        822        806        664        785       1244        972        677        796 
       692        646        700        592        585        611        661        556        593        667 
];
router02=[         0          0          0          0          0          0          0          0          0          0 
       559        723       1059        625        627        547        520        441        697        579 
       569        579        593        623       1004        948        612        660        711        653 
      1454       1493       1497       1319       1415       1471       2008       1715       1203       1228 
       569        835        706        979        795        749       1189        893       1167        529 
];
router03=[         0          0          0          0          0          0          0          0          0          0 
      1116        826       1315        971        677        733        872        881        942        896 
       344        311        322        296        482        420        281        300        273        297 
         0          0          0          0          0          0          0          0          0          0 
      1261       1141       1181       1241       1330       1262       1064       1154       1071       1247 
];
router04=[      2592       2178       1721       1897       1993       1956       2139       2183       2046       1966 
      5620       5743       7623       6894       5297       5372       5118       5138       5217       5770 
         0          0          0          0          0          0          0          0          0          0 
       292        294        332        317        340        299        584        412        275        268 
      1737       1245       1358       1850       1159       1472       1354       1405       1343       1337 
];
router05=[      2169       1797       1251       1454       1641       1430       1556       1597       1409       1366 
       685        618        822        872        581        633        683        688        818        732 
      2016       1709       1904       2016       2648       2352       2049       1857       2045       1919 
       646        525        830        567        495        624        888        995        511        662 
       694        668        918        740        728        624        628        678        668        665 
];
router06=[       779        588        449        542        548        498        612        397        573        543 
       442        612        783        587        432        403        485        464        489        494 
       569        542        585        638        929        793        496        583        594        609 
      1219       1164       1233       1216       1467       1362       1832       1318        908       1368 
       932        672       1484        516        755        519       1111        591        944        744 
];
router07=[      6552       5986       4500       5090       5011       4692       4731       5106       5170       5088 
       836        914       1499       1266        799        926       1129       1123       1114        866 
       342        310        306        296        525        453        293        302        322        334 
         0          0          0          0          0          0          0          0          0          0 
      1008       1195       1175       1272        960       1160       1363       1354        842       1131 
];
router08=[      1037        875        748        646        744        681        817        828        802        795 
      4619       4629       5772       5158       4060       4408       4461       4188       4491       4666 
         0          0          0          0          0          0          0          0          0          0 
       406        330        372        332        305        393        599        540        346        367 
      1351       1205       1619       1304       1588       1420       1204       1075       1693       1746 
];
router09=[       780        703        467        626        627        608        562        566        602        578 
       551        633        636        548        618        619        650        744        651        568 
       928        817        788        900       1287        955        892        636        957        785 
       733        625        690        584        737        617       1110        901        706        720 
       564        601        671        574        447        566        545        542        659        593 
];
router10=[       795        811        467        646        567        554        578        556        656        521 
       487        584        531        774        374        486        460        338        394        631 
       438        366        416        425        745        720        412        439        445        468 
      1538       1544       1845       1745       1963       1850       2723       2663       1458       1852 
       773        754        977        888        820        686        872       3171       1498        543 
];
router11=[      3125       2796       2050       1768       2403       1978       1968       2216       2309       2089 
      1236       1168       1957       1422       1122       1456       1285       1299       1464       1578 
       344        363        354        327        489        467        311        404        326        334 
         0          0          0          0          0          0          0          0          0          0 
       718        672        712        762        857       1025        852        845       1044        885 
];
router12=[       413        348        240        246        294        243        266        309        256        270 
         0          0          0          0          0          0          0          0          0          0 
         0          0          0          0          0          0          0          0          0          0 
       464        495        560        473        485        354        743        547        320        413 
      1141        898        984        732       1046       1274        700        864       1004       1054 
];
router13=[       642        501        322        330        408        357        471        397        349        353 
         0          0          0          0          0          0          0          0          0          0 
       524        481        511        442        775        549        544        446        456        639 
       585        544        396        552        570        579        879        678        645        699 
       491        421        403        380        431        474        438        412        440        378 
];
