%rate: 1400 cycles per 10k cycles
router00=[         0          0          0          0          0          0          0          0          0          0 
       196        199        249        208        174        189        223        209        210        217 
         0          0          0          0          0          0          0          0          0          0 
       227        219        226        214        240        233        259        225        212        209 
       269        291        265        286        281        272        285        283        306        299 
];
router01=[         0          0          0          0          0          0          0          0          0          0 
       219        222        251        225        188        235        212        242        217        204 
       242        253        214        256        268        254        201        213        237        223 
       285        288        304        288        278        297        374        316        274        281 
       296        296        287        244        257        308        270        311        283        289 
];
router02=[         0          0          0          0          0          0          0          0          0          0 
       209        198        253        224        202        206        192        212        236        219 
       299        308        295        317        386        327        276        346        299        300 
       201        229        233        221        226        213        283        219        217        204 
       277        275        305        286        291        255        275        264        283        292 
];
router03=[         0          0          0          0          0          0          0          0          0          0 
       202        198        239        197        205        208        200        206        192        200 
       225        211        227        242        285        221        197        211        246        223 
         0          0          0          0          0          0          0          0          0          0 
       301        244        257        266        279        318        289        263        261        283 
];
router04=[       337        287        273        274        296        234        228        251        345        205 
       262        298        333        283        241        270        254        286        250        273 
         0          0          0          0          0          0          0          0          0          0 
       216        240        212        239        221        217        292        214        199        195 
       305        274        262        298        274        289        323        294        288        270 
];
router05=[       301        259        198        242        233        220        264        243        209        260 
       281        282        357        283        252        246        300        275        283        272 
       232        235        253        243        287        255        207        244        212        225 
       287        285        294        271        297        269        402        332        278        279 
       305        290        312        277        306        290        291        282        317        314 
];
router06=[       247        213        232        240        204        210        210        215        214        218 
       284        270        401        311        279        273        281        261        291        292 
       299        299        296        291        387        333        258        285        312        293 
       198        227        225        204        200        218        241        223        198        216 
       286        295        284        286        289        270        308        302        298        272 
];
router07=[       241        197        196        202        202        202        204        194        222        199 
       257        255        341        270        264        266        275        279        284        266 
       225        225        229        223        261        238        202        202        225        229 
         0          0          0          0          0          0          0          0          0          0 
       238        295        266        305        273        244        279        271        263        263 
];
router08=[       331        299        259        277        276        283        258        284        273        278 
       195        203        217        206        193        200        214        208        202        211 
         0          0          0          0          0          0          0          0          0          0 
       211        231        225        257        241        254        274        241        192        216 
       279        270        299        297        280        283        264        313        247        294 
];
router09=[       364        312        269        279        321        276        279        270        254        274 
       213        215        239        230        192        214        200        242        213        231 
       223        215        214        243        300        247        208        217        195        238 
       291        295        297        295        292        297        413        356        277        281 
       288        285        280        279        277        243        278        297        273        284 
];
router10=[       339        337        242        281        278        279        297        290        272        299 
       239        217        239        215        205        204        226        196        217        199 
       303        300        294        278        426        314        277        299        295        300 
       251        261        252        234        229        245        295        269        221        212 
       302        320        286        285        294        326        243        286        288        280 
];
router11=[       328        296        245        281        274        288        253        277        273        278 
       215        206        227        195        206        193        212        193        232        200 
       218        249        224        234        286        234        205        206        205        231 
         0          0          0          0          0          0          0          0          0          0 
       271        268        277        297        277        287        304        271        271        267 
];
router12=[       231        229        204        197        216        211        226        224        222        197 
         0          0          0          0          0          0          0          0          0          0 
         0          0          0          0          0          0          0          0          0          0 
       210        221        203        217        223        225        269        219        197        208 
       279        279        266        265        276        300        267        278        262        258 
];
router13=[       237        256        189        194        198        202        218        198        205        246 
         0          0          0          0          0          0          0          0          0          0 
       249        220        229        236        276        241        202        251        231        229 
       279        281        293        277        290        295        387        335        266        266 
       304        274        285        311        276        321        267        280        306        284 
];
