%rate: 1200 cycles per 10k cycles
router00=[         0          0          0          0          0          0          0          0          0          0 
       174        185        182        182        147        156        194        173        159        173 
         0          0          0          0          0          0          0          0          0          0 
       201        177        212        182        204        183        232        178        183        174 
       237        221        216        238        245        256        258        237        245        257 
];
router01=[         0          0          0          0          0          0          0          0          0          0 
       182        193        193        215        168        174        183        184        188        191 
       179        210        176        193        200        215        168        200        182        207 
       247        255        251        248        251        238        314        240        228        230 
       270        217        207        247        229        250        252        245        250        247 
];
router02=[         0          0          0          0          0          0          0          0          0          0 
       189        177        195        192        167        169        186        170        181        175 
       262        276        241        254        311        289        227        241        254        264 
       195        183        197        187        201        195        220        178        170        188 
       249        239        240        227        217        248        243        232        235        268 
];
router03=[         0          0          0          0          0          0          0          0          0          0 
       156        161        207        178        178        177        158        167        177        175 
       177        201        173        201        224        208        177        202        200        204 
         0          0          0          0          0          0          0          0          0          0 
       248        230        264        247        208        256        221        248        235        226 
];
router04=[       189        182        180        189        167        188        187        177        176        166 
       228        230        262        231        217        226        237        249        210        240 
         0          0          0          0          0          0          0          0          0          0 
       193        195        188        190        201        184        230        189        196        192 
       211        238        238        266        213        217        270        269        220        220 
];
router05=[       177        193        169        189        162        173        178        204        172        202 
       232        237        282        245        260        218        238        210        239        217 
       179        186        192        189        229        202        163        180        201        180 
       268        262        260        261        261        263        313        276        245        242 
       250        258        236        267        252        233        258        232        246        225 
];
router06=[       196        189        176        176        172        184        175        177        184        193 
       229        258        290        250        222        245        224        240        243        235 
       260        223        270        242        309        245        238        220        260        225 
       195        208        199        208        211        189        219        210        186        192 
       206        237        230        216        221        243        263        274        253        227 
];
router07=[       182        186        166        185        173        172        180        183        186        181 
       233        231        291        240        214        231        230        231        246        227 
       183        183        181        176        215        181        184        195        196        196 
         0          0          0          0          0          0          0          0          0          0 
       262        236        278        236        235        242        254        242        238        250 
];
router08=[       275        248        218        259        229        253        241        250        224        239 
       157        189        183        193        158        195        177        186        169        183 
         0          0          0          0          0          0          0          0          0          0 
       185        179        189        178        185        187        200        194        156        184 
       227        220        253        239        246        231        235        217        220        242 
];
router09=[       282        266        227        231        241        241        244        228        238        220 
       172        187        179        182        146        196        161        178        171        176 
       193        208        195        216        233        219        173        192        190        205 
       241        244        237        255        239        252        328        280        216        250 
       229        240        243        244        231        247        215        236        221        233 
];
router10=[       261        268        223        241        236        237        241        245        242        227 
       177        197        180        198        162        183        170        185        184        187 
       270        269        257        247        316        263        235        270        256        248 
       210        192        191        192        204        174        220        188        180        180 
       229        226        246        235        232        250        221        246        235        252 
];
router11=[       292        250        225        230        216        250        238        239        236        243 
       179        181        195        181        169        176        160        169        186        162 
       186        202        184        192        232        208        205        190        187        193 
         0          0          0          0          0          0          0          0          0          0 
       251        236        230        268        238        254        264        234        213        230 
];
router12=[       196        187        162        174        166        178        175        185        174        166 
         0          0          0          0          0          0          0          0          0          0 
         0          0          0          0          0          0          0          0          0          0 
       196        182        175        198        201        205        242        210        168        180 
       239        226        230        254        234        227        231        230        222        239 
];
router13=[       188        189        156        197        167        181        190        179        180        176 
         0          0          0          0          0          0          0          0          0          0 
       202        190        185        179        230        177        184        178        189        181 
       251        252        258        263        259        260        302        273        236        244 
       228        231        243        227        215        238        221        243        235        213 
];
