%rate: 1800 cycles per 10k cycles
router00=[         0          0          0          0          0          0          0          0          0          0 
      2542       2735       3848       3334       2163       2509       2583       2666       2741       2748 
         0          0          0          0          0          0          0          0          0          0 
       260        274        259        271        272        261        451        379        269        272 
      1071       1161       1058       1331       1006        947       1074        714       1138       1029 
];
router01=[         0          0          0          0          0          0          0          0          0          0 
       451        546        741        462        493        524        466        556        541        517 
      1325       1321       1065       1147       1631       1219       1214       1281       1563       1208 
       349        382        443        480        442        410        654        466        357        454 
       642        690        645        599        619        809        721        630        579        626 
];
router02=[         0          0          0          0          0          0          0          0          0          0 
       308        233        349        342        248        319        251        252        253        315 
       460        431        460        404        709        594        404        532        440        453 
       447        501        488        485        534        537        702        489        426        432 
       427        454        460        465        433        552        448        576        601        497 
];
router03=[         0          0          0          0          0          0          0          0          0          0 
       298        305        413        379        293        305        270        305        322        290 
       274        268        254        298        434        394        235        229        263        242 
         0          0          0          0          0          0          0          0          0          0 
      1213       1532       1419        803       1051       1072       1174       1375       1329        948 
];
router04=[      2847       2802       2144       2056       2301       1856       2304       2244       2359       2294 
      3119       3542       4767       4734       3444       3397       3821       3841       3784       4220 
         0          0          0          0          0          0          0          0          0          0 
       299        302        313        315        286        337        489        453        268        302 
      1401       1242       1148       1144       1017        998        919       1076       1246       1085 
];
router05=[      3281       3011       2173       2589       2458       2510       2377       2569       2264       2374 
       920        832       1073        887        817        826        708        645        707        942 
      3120       3023       2766       2571       4066       3255       2767       2632       2621       2368 
       992        880       1232       1249       1187       1282       1661       1361       1114       1332 
       615        952       1044        716        783        793        884        988        652        772 
];
router06=[      1246       1072        964        948        966       1080       1158       1095        980        928 
      1391       1466       1845       1492       1121       1575       1241       1402       1175       1374 
       672        609        492        640        903        979        648        633        451        559 
      1796       1900       2285       2200       2113       2093       2753       2545       1384       1267 
      2635        794        727        851       1829        718        907        745        350        507 
];
router07=[      8401       7392       5675       5961       6193       6425       5882       6070       6015       6019 
      1982       2160       2581       2491       2033       2237       2017       2271       1911       2039 
       351        289        363        354        565        543        264        332        357        287 
         0          0          0          0          0          0          0          0          0          0 
      1272       1308       1001       1011       1306       1265       1387       1247       1431       1197 
];
router08=[       840        604        392        576        473        440        468        449        512        507 
      2423       2100       3046       2863       1879       2161       2060       2399       2404       1990 
         0          0          0          0          0          0          0          0          0          0 
       356        396        340        408        354        362        608        599        368        346 
       911        823       1167        777       1187       1083        790        860        876       1233 
];
router09=[      1395        963        806        980        873        939       1078        944        908       1127 
       583        543        897        635        639        666        720        635        614        555 
       854       1122       1034       1044       1667       1300        882       1301       1022       1104 
       562        423        492        478        461        611        793        641        459        571 
       645        540        579        666        661        533        704        601        687        597 
];
router10=[      1027        804        677        642        713        695        652        629        707        646 
      1091        972       1404        952       1011       1133       1127       1135       1044       1298 
       498        471        449        435        755        709        463        550        423        496 
      1216       1280       1169       1327       1272       1227       1874       1431       1278       1289 
       776        638       1081       1061        854       1091        774        728        610        751 
];
router11=[      3492       4177       3002       2849       2881       2659       3174       3143       3427       3119 
      1992       2043       2679       2665       2200       1923       1775       2058       2017       2046 
       366        352        326        311        639        506        226        358        314        367 
         0          0          0          0          0          0          0          0          0          0 
       899        987        875       1228        831       1049        850       1144       1015       1034 
];
router12=[       609        567        391        350        337        470        416        401        462        394 
         0          0          0          0          0          0          0          0          0          0 
         0          0          0          0          0          0          0          0          0          0 
       284        303        370        316        319        345        573        550        347        306 
       665        642        431        443        425        473        569        583        462        522 
];
router13=[      1182       1028        669        546        837        835        774        713        909        744 
         0          0          0          0          0          0          0          0          0          0 
       948       1018        932       1150       1512       1399        877       1073       1103       1006 
       574        608        616        601        525        788       1012        819        643        582 
       470        459        463        400        475        466        442        404        520        430 
];
