router00=[         0          0          0          0          0          0          0          0          0          0 
       471        500        552        463        491        468        512        492        500        494 
         0          0          0          0          0          0          0          0          0          0 
       518        547        523        547        535        531        636        518        471        516 
       668        653        657        678        681        640        613        664        650        645 
];
router01=[         0          0          0          0          0          0          0          0          0          0 
       497        495        568        526        478        501        483        503        479        495 
       520        552        555        557        631        595        483        525        530        548 
       700        677        707        688        708        679        837        731        649        684 
       650        684        671        673        644        647        602        656        667        680 
];
router02=[         0          0          0          0          0          0          0          0          0          0 
       457        520        553        497        458        536        467        492        459        526 
       763        705        712        710        873        756        686        723        712        698 
       552        539        573        550        528        536        600        523        523        490 
       631        657        695        653        638        666        646        665        683        643 
];
router03=[         0          0          0          0          0          0          0          0          0          0 
       483        527        569        490        467        529        477        489        492        519 
       521        577        532        538        561        620        495        562        531        571 
         0          0          0          0          0          0          0          0          0          0 
       686        669        640        641        656        630        655        620        654        654 
];
router04=[       500        516        443        487        458        505        487        521        460        500 
       627        668        768        666        628        647        651        662        666        675 
         0          0          0          0          0          0          0          0          0          0 
       547        518        523        548        551        521        621        545        517        501 
       631        647        669        651        668        673        653        681        638        640 
];
router05=[       537        470        490        479        471        492        495        477        484        492 
       625        672        731        679        612        657        642        636        651        670 
       553        541        544        559        629        627        492        552        519        530 
       682        716        702        727        758        734        907        772        656        688 
       678        672        656        680        726        694        690        677        690        627 
];
router06=[       539        500        488        495        497        498        488        494        483        499 
       649        653        756        723        623        649        642        674        653        667 
       695        745        732        734        857        753        691        701        726        711 
       549        520        530        538        550        534        575        591        507        519 
       652        596        682        666        654        701        647        654        673        615 
];
router07=[       522        511        448        501        483        497        470        511        498        520 
       654        695        730        707        624        672        614        674        656        628 
       561        559        558        562        599        552        499        533        546        544 
         0          0          0          0          0          0          0          0          0          0 
       683        605        629        655        641        656        638        674        673        680 
];
router08=[       718        653        621        630        641        602        670        633        638        627 
       493        488        537        488        481        468        524        499        513        502 
         0          0          0          0          0          0          0          0          0          0 
       508        529        523        537        520        524        598        532        489        535 
       698        632        660        695        658        678        658        638        707        653 
];
router09=[       772        683        587        647        651        666        658        667        635        686 
       496        501        532        495        472        497        495        490        496        504 
       546        533        541        546        595        538        520        509        532        519 
       682        714        710        707        703        687        844        735        650        645 
       667        634        655        688        606        643        682        639        669        686 
];
router10=[       763        642        598        674        639        640        655        630        657        647 
       492        501        536        504        498        484        513        505        502        504 
       720        714        709        702        856        716        662        711        686        691 
       514        526        555        517        524        511        637        578        518        519 
       646        636        660        664        661        638        641        630        645        663 
];
router11=[       720        705        583        655        610        656        658        649        647        659 
       502        506        517        504        476        499        470        481        527        522 
       514        530        488        522        576        541        481        538        499        551 
         0          0          0          0          0          0          0          0          0          0 
       666        653        684        663        669        662        656        679        654        671 
];
router12=[       567        460        446        472        491        508        492        487        476        462 
         0          0          0          0          0          0          0          0          0          0 
         0          0          0          0          0          0          0          0          0          0 
       557        534        509        497        528        550        636        564        514        546 
       688        698        675        687        681        645        641        638        657        636 
];
router13=[       563        525        435        486        488        513        493        527        493        509 
         0          0          0          0          0          0          0          0          0          0 
       541        523        547        503        617        547        499        535        524        505 
       727        681        700        710        702        711        904        739        685        690 
       641        662        685        698        675        640        668        640        654        648 
];
