router00=[         0          0          0          0          0          0          0          0          0          0 
        45        115         45        112         48        111         48        108         60        112 
         0          0          0          0          0          0          0          0          0          0 
        61        106         67         91         64        115         75        129         71         98 
       117        127        109         90        110        128        109        107        103        106 
];
router01=[         0          0          0          0          0          0          0          0          0          0 
        67         98         71         92         67         84         66         95         67         93 
        70        122         61        120         68        103         68        105         69         98 
        89        156         89        150         80        163         83        156         69        148 
       111        121         95        121        110        114        101        113         98         96 
];
router02=[         0          0          0          0          0          0          0          0          0          0 
        60        119         57        108         56         98         57         95         63        102 
        91        150        103        152        101        142         91        138         81        134 
        79        112         72        101         66        103         71        118         66        107 
       105        107         96        109        119         98        100         98         96         98 
];
router03=[         0          0          0          0          0          0          0          0          0          0 
        53        110         73        111         75        107         64        108         56        101 
        87         95         82        102         91         88         79        104         95         84 
         0          0          0          0          0          0          0          0          0          0 
       119        105        121        114        100        102        119        113        104        132 
];
router04=[        77         84         80         88         73         92         79         89         81         90 
        99        115         97        114        106        106        109        124        107        104 
         0          0          0          0          0          0          0          0          0          0 
        71        128         66        105         69        102         65        117         66        106 
       144        101        135        122        105        110        124         81        110        115 
];
router05=[        60        103         60         99         60         93         58         98         58        101 
        81        137         75        134         75        135         83        126         80        127 
        66        120         62        134         68        122         60        120         60        135 
        76        159         93        159         87        150         79        146         84        135 
       100         90        108        112        100        120        115        118        112        110 
];
router06=[        60         93         60         99         67         86         60         90         60         86 
        72        145         85        148         72        141         82        137         75        140 
        94        155        102        147        103        154        104        146        104        137 
        75         95         74         99         53        109         66         97         72        101 
        98         92        122        110        137        111        109        116         81        111 
];
router07=[        46        125         52        124         59        127         54        105         61        114 
        90        139         95        131         97        125         86        116         92        126 
        93         95         86         98         86         96         83        104         96         84 
         0          0          0          0          0          0          0          0          0          0 
       122        104        120        100         96        103         98        106        121        110 
];
router08=[        76        150         81        141         79        146         91        145         75        134 
        62         92         66         99         69         98         68         99         66         96 
         0          0          0          0          0          0          0          0          0          0 
        80         84         81         88         79         96         84         81         83         87 
       116        105         95        110        116        105        106        114        110         92 
];
router09=[        77        135         77        137         85        129         77        122         78        127 
        64         91         72         92         64         87         68         90         69         91 
        82        102         79         97         80        102         81        101         75        114 
        93        138         82        147         80        142         84        153         91        144 
       121        122        104        108         97        107        109        116        102         99 
];
router10=[        83        130         78        135         77        131         75        135         72        138 
        67        108         70         96         68         91         72         95         74         97 
        99        135        103        125        126        133        107        126        106        128 
        72         90         69        102         74        111         75        113         60         95 
       105        130         90        108        112         89        103        122         97         98 
];
router11=[       109        138         93        125        111        121        104        110        107        115 
        49        133         42        124         42        116         52        122         40        122 
        91         87         87         88        104         79         79         82         82         78 
         0          0          0          0          0          0          0          0          0          0 
       128        126        130        105         95        109        111        106        107        104 
];
router12=[        58        113         71        116         61        111         53         85         65         83 
         0          0          0          0          0          0          0          0          0          0 
         0          0          0          0          0          0          0          0          0          0 
        93         99         94         88         89        100         78         89         80         93 
       100         97        103        117        101        108        118        116        113        131 
];
router13=[        59        109         71         99         59         93         63         97         59         85 
         0          0          0          0          0          0          0          0          0          0 
        82        109         78         99         77         94         82         89         79         93 
        90        133         95        130        109        139        100        128         86        142 
       124        101         90        105        115         84        123        103        125        106 
];
