router00=[         0          0          0          0          0          0          0          0          0          0 
       630        718        991       1002        656        759        799        708        697        725 
         0          0          0          0          0          0          0          0          0          0 
       652        723        731        701        678        733        942        799        684        720 
       800        764        961        916        885        845        813        830        821        869 
];
router01=[         0          0          0          0          0          0          0          0          0          0 
       870        771       1097        811        850        820        802        747        808        736 
      1272       1555       1104       1187       1771       1746       1173       1232       1486       1321 
       889       1000        946        904        962        890       1361       1025        823        961 
       920        900        887        847        867        914        965        847        833        829 
];
router02=[         0          0          0          0          0          0          0          0          0          0 
       939        880       1089       1018        801        920        893        922        846        979 
       942        968        903        912       1231       1076        836        936        867        901 
      1155        982       1142       1060       1106       1053       1765       1612       1091        980 
      1287        866       1161       1203       1103       1029       1019        902       1013       1051 
];
router03=[         0          0          0          0          0          0          0          0          0          0 
       689        685        840        736        713        706        711        650        737        628 
       692        708        705        715        992        835        661        643        748        718 
         0          0          0          0          0          0          0          0          0          0 
       854        812        791        772        860        826        807        840        815        811 
];
router04=[       735        596        577        602        619        625        634        647        613        643 
       815        799       1075       1003        761        799        798        815        787        816 
         0          0          0          0          0          0          0          0          0          0 
       654        674        709        674        813        712       1055        805        638        681 
       829        778        838        821        842        806        781        807        794        824 
];
router05=[       894        700        652        690        659        730        681        652        717        702 
       899        938       1314       1109        780        986        869       1007        964        903 
      1242        849       1164       1235       1406       1208       1067       1165       1073       1362 
       885        963        891        967       1016        983       1347       1165        851       1017 
       976        847        844        851        892        878        906        945        934        846 
];
router06=[       882        793        630        832        731        718        679        630        681        748 
      1082       1056       1593       1504        879       1000        943        981       1108        959 
       925        932        971       1003       1337       1261        882        965        962        951 
      1032       1075       1158       1201       1199       1359       1864       1606       1145       1100 
      1051       1275        880       1029        857        938        914       1185       1405       1131 
];
router07=[       763        733        570        712        695        693        676        614        737        656 
       874        829       1111       1034        957        797        810        852        833       1003 
       650        664        693        690        974        767        670        642        713        725 
         0          0          0          0          0          0          0          0          0          0 
       869        908        831        901        849        863        855        871        795        940 
];
router08=[      1101        941        759        815        876        865        888        796        866        764 
       613        634        692        640        609        644        667        668        618        672 
         0          0          0          0          0          0          0          0          0          0 
       692        744        771        734        698        673       1048        876        669        681 
       811        757        836        818        835        836        841        846        860        844 
];
router09=[      1177        897        784        883        921        893       1047        844        782        956 
       610        624        631        714        591        625        684        622        614        601 
       899        898        945        867       1393       1177        770        832        904        882 
       920        960        951        958       1025        969       1291       1096        931        899 
       872        807        785        851        852        836        852        841        834        843 
];
router10=[      1700       1457       1020        983       1037       1075       1326       1229        953       1164 
       837        920       1092        753        854       1331        736        809        787        956 
       901        925        892        934       1227       1049        799        913        874        926 
      1712       1489       1929       1607       1533       1807       2853       2197       1375       1576 
      1430       1379        988       1096       1076       1496       1379       1143       1032       1251 
];
router11=[      1190       1034        878        908        788        998        801        860        894        850 
       622        655        716        653        600        598        612        633        614        675 
       672        638        697        728        962        811        656        657        691        694 
         0          0          0          0          0          0          0          0          0          0 
       859        863        852        910        886        862        863        883        860        833 
];
router12=[       696        659        554        555        632        634        669        632        600        630 
         0          0          0          0          0          0          0          0          0          0 
         0          0          0          0          0          0          0          0          0          0 
       677        677        671        760        726        723       1027        943        751        692 
       848        848        858        810        851        811        815        805        793        847 
];
router13=[       851        798        542        762        633        730        677        702        707        649 
         0          0          0          0          0          0          0          0          0          0 
       821        757        718        800        925        785        758        674        722        760 
       949        923        946        905        969        886       1412       1045        831        864 
       776        830        776        772        862        830        876        863        839        816 
];
