router00=[         0          0          0          0          0          0                                                                                                           0          0          0          0
       560        621        836        685        527        688        673                                                                                                         626        628        646
         0          0          0          0          0          0          0                                                                                                           0          0          0
       640        648        627        651        658        660        854                                                                                                         690        632        627
       796        801        764        841        814        761        827                                                                                                         796        778        758
];
router01=[         0          0          0          0          0          0                                                                                                           0          0          0          0
       579        671        701        765        600        573        718                                                                                                         618        690        638
       955        732       1084        967       1069       1180        841                                                                                                        1012        929        728
       809        815        901        835        854        882       1119                                                                                                         909        834        801
       820        813        920        776        781        777        768                                                                                                         794        755        786
];
router02=[         0          0          0          0          0          0                                                                                                           0          0          0          0
       679        698        929        888        591        642        772                                                                                                         798        766        716
       793        786        835        882       1109        972        747                                                                                                         830        836        835
       830        825        796        652        791        776       1045                                                                                                         928        662        799
      1012        794        747        678        941        791        728                                                                                                         725        887        790
];
router03=[         0          0          0          0          0          0                                                                                                           0          0          0          0
       556        577        747        616        537        543        587                                                                                                         579        574        569
       605        628        611        613        748        661        544                                                                                                         602        634        618
         0          0          0          0          0          0          0                                                                                                           0          0          0
       781        819        794        741        747        780        742                                                                                                         775        749        760
];
router04=[       709        565        647        541        610        634                                                                                                         621        705        656        577
       923        838       1017        887        759        818        829                                                                                                         834        830        807
         0          0          0          0          0          0          0                                                                                                           0          0          0
       641        646        653        616        638        679        803                                                                                                         680        538        594
       797        804        750        756        833        767        801                                                                                                         811        765        785
];
router05=[       726        577        636        619        626        566                                                                                                         713        596        610        547
       762        828        995        745        733        761        792                                                                                                         823        761        819
       672        728        856        799       1091        869        703                                                                                                         683        829        860
       780        850        862        841        835        898       1198                                                                                                         978        771        867
       761        720        767        794        793        786        842                                                                                                         811        841        818
];
router06=[       733        637        593        563        611        528                                                                                                         564        543        603        564
       839        796       1003        830        757        802        824                                                                                                         781        775        800
       852        814        899        830       1123        957        854                                                                                                         795        868        876
       674        781        740        797        816        906       1081                                                                                                         752        691        753
       791       1026        802        800        955        756        819                                                                                                         881        798        793
];
