router00=[         0          0          0          0          0          0          0          0          0          0 
       659        733        984        945        698        590        760        597        771        596 
         0          0          0          0          0          0          0          0          0          0 
       623        642        675        672        665        716        897        811        584        664 
       817        864        913        812        825        805        865        786        787        833 
];
router01=[         0          0          0          0          0          0          0          0          0          0 
       792        771        876        856        803        727        801        721        657        768 
      1146       1178       1148       1071       1408       1293       1157       1076        992       1045 
       830        928        908        911        871       1002       1208       1068        802        839 
       784        863        853        850        830        839        804        835        886        872 
];
router02=[         0          0          0          0          0          0          0          0          0          0 
       782        795        916        749        717        920        770        817        839        670 
       880        865       1034        827       1245       1036        841        802        870        837 
       972        851        797        924       1021        931       1160        887        754        865 
       883        799        959        975        890        747        753        910        854       1131 
];
router03=[         0          0          0          0          0          0          0          0          0          0 
       642        660        829        661        607        601        564        574        607        597 
       638        662        630        699        854        837        624        678        685        676 
         0          0          0          0          0          0          0          0          0          0 
       869        790        775        782        787        785        872        818        771        775 
];
router04=[       745        612        605        577        626        580        698        659        635        610 
       782        785        998        903        777        841        776        812        785        771 
         0          0          0          0          0          0          0          0          0          0 
       631        652        708        663        654        649        877        697        617        644 
       757        788        781        779        819        716        796        822        815        806 
];
router05=[       733        735        591        646        715        575        645        596        602        602 
       751        833        998        881        760        784        844        820        810        770 
       753        770        853        771       1078       1054        684        690        659        704 
       852        850        898        965        912        868       1339       1010        769        864 
       828        779        799        808        868        847        826        841        875        873 
];
router06=[       736        673        568        704        661        601        645        670        625        616 
       801        879       1088        908        794        860        828        842        872        898 
       833        855        869        843       1152        979        781        864        857        841 
       966        836        838        728        885        857       1189       1050        778        733 
       907        908        927        828        821        754        811        811       1103        770 
];
router07=[       736        640        565        598        595        613        575        659        597        596 
       841        815       1046        953        804        778        787        749        843        798 
       651        626        622        672        853        784        635        632        652        635 
         0          0          0          0          0          0          0          0          0          0 
       837        767        874        807        763        775        813        794        764        888 
];
router08=[       990        796        757        764        830        755        785        785        810        743 
       591        581        664        594        588        588        610        596        583        611 
         0          0          0          0          0          0          0          0          0          0 
       697        715        714        667        651        709        893        821        615        656 
       783        793        802        786        762        809        746        826        799        784 
];
router09=[      1063        939        739        796        814        767        788        806        796        882 
       634        595        648        609        569        564        610        634        628        555 
       672        773        627        720        992        871        670        676        651        701 
       843        862        839        817        870        847       1240       1006        840        841 
       830        828        763        827        793        771        867        845        783        778 
];
router10=[      1293        961        850       1002        886        978        905       1004        956        947 
       599        755        905        699        682        779        724        642        625        652 
       823        785        833        929       1301        964        785        827        845        875 
       953        971       1041        946       1024       1140       1258       1184        992       1023 
       954        836        834       1204        971        889        937        799        940        809 
];
router11=[      1165       1137        833        900        840        951        886        843        944       1021 
       663        601       1060        826        646        677        612        597        754        658 
       650        702        675        729        813        756        580        731        689        666 
         0          0          0          0          0          0          0          0          0          0 
       933        851        828        904        831        848        877        919        889        804 
];
router12=[       723        654        554        572        584        589        606        626        629        590 
         0          0          0          0          0          0          0          0          0          0 
         0          0          0          0          0          0          0          0          0          0 
       705        642        689        652        681        694        944        854        588        647 
       807        776        757        799        792        761        747        826        805        789 
];
router13=[       792        686        544        549        578        628        690        646        708        656 
         0          0          0          0          0          0          0          0          0          0 
       746        670        637        789        848        762        670        662        673        677 
       839        856        838        900        907        867       1251       1081        775        844 
       865        808        808        783        772        794        788        733        787        784 
];
