router00=[         0          0          0          0          0          0          0          0          0          0 
       436        398        439        383        424        401        415        390        427        415 
         0          0          0          0          0          0          0          0          0          0 
       437        482        416        442        424        424        481        465        421        433 
       535        582        574        543        520        522        547        552        559        534 
];
router01=[         0          0          0          0          0          0          0          0          0          0 
       418        396        429        428        393        386        386        433        414        396 
       438        440        453        437        484        451        418        423        438        433 
       605        586        556        588        595        563        669        569        559        553 
       570        577        579        555        541        552        530        566        577        553 
];
router02=[         0          0          0          0          0          0          0          0          0          0 
       393        421        433        411        398        426        408        410        407        405 
       594        566        581        594        679        590        559        549        595        562 
       428        433        436        435        447        445        498        447        428        421 
       517        545        531        577        559        568        572        530        540        504 
];
router03=[         0          0          0          0          0          0          0          0          0          0 
       418        408        438        384        406        435        411        376        444        389 
       442        444        430        429        471        424        443        425        446        438 
         0          0          0          0          0          0          0          0          0          0 
       611        525        556        523        545        569        563        555        532        551 
];
router04=[       396        444        379        443        392        413        400        428        397        435 
       552        552        603        573        540        533        580        514        558        537 
         0          0          0          0          0          0          0          0          0          0 
       461        447        473        447        461        474        462        481        429        451 
       593        608        548        548        550        545        513        522        544        577 
];
router05=[       417        419        418        437        414        417        439        418        415        435 
       515        570        577        531        496        541        556        563        528        543 
       461        421        479        453        556        452        421        426        418        441 
       617        577        600        610        604        582        646        617        606        575 
       569        581        509        573        565        563        553        518        541        551 
];
router06=[       431        406        404        403        403        423        401        406        419        412 
       547        557        582        556        514        552        540        560        560        568 
       598        604        617        596        666        611        560        541        601        610 
       476        446        481        470        469        436        501        449        421        408 
       525        526        538        511        549        612        545        538        506        534 
];
router07=[       425        426        411        423        404        432        399        412        411        433 
       531        530        602        541        543        572        554        535        562        553 
       443        462        441        451        477        466        445        437        411        449 
         0          0          0          0          0          0          0          0          0          0 
       574        546        580        566        547        564        573        533        570        538 
];
router08=[       598        570        533        546        540        544        567        556        563        537 
       420        390        433        403        407        395        431        408        423        395 
         0          0          0          0          0          0          0          0          0          0 
       416        460        430        464        447        444        475        459        425        450 
       555        569        576        526        552        585        551        552        588        543 
];
router09=[       572        560        557        519        559        538        600        535        560        546 
       390        414        405        398        401        407        426        400        404        411 
       441        454        472        424        519        445        427        455        483        433 
       588        572        598        592        594        621        699        600        593        560 
       520        553        536        588        552        580        549        498        562        550 
];
router10=[       564        569        501        557        524        539        535        559        544        558 
       434        412        451        400        402        402        408        470        407        420 
       588        627        547        649        647        639        541        607        574        602 
       432        432        462        457        446        424        484        471        455        437 
       593        531        568        583        516        546        567        555        577        593 
];
router11=[       606        535        545        556        563        531        562        553        568        547 
       418        446        445        416        408        415        416        408        411        430 
       458        432        481        459        516        414        437        423        449        436 
         0          0          0          0          0          0          0          0          0          0 
       562        583        534        508        497        513        544        537        517        536 
];
router12=[       427        414        405        395        409        421        431        406        399        412 
         0          0          0          0          0          0          0          0          0          0 
         0          0          0          0          0          0          0          0          0          0 
       461        454        474        456        462        440        499        439        424        425 
       580        528        573        546        536        531        536        561        586        525 
];
router13=[       472        426        401        431        417        416        410        439        415        409 
         0          0          0          0          0          0          0          0          0          0 
       424        479        439        460        479        468        407        460        417        478 
       592        600        556        592        617        595        679        614        555        584 
       556        526        526        546        561        523        539        535        561        524 
];
