router00=[         0          0          0          0          0          0          0          0          0          0 
       633        794       1076        919        621        652        877        844        701        595 
         0          0          0          0          0          0          0          0          0          0 
       710        646        737        680        631        657        906        762        653        607 
       822        877        880        892        862        880        827        872        827        838 
];
router01=[         0          0          0          0          0          0          0          0          0          0 
       797        680       1010        849        741        671        750        798        751        721 
      1034       1061       1276       1103       1568       1378       1068       1158       1201       1047 
       882        880        905        899        888        910       1244       1089        876        830 
       853        868        860        850        891        875        852        923       1008        856 
];
router02=[         0          0          0          0          0          0          0          0          0          0 
       668        658        947        804        700        767        684        632        751        678 
       969        948        967        915       1321       1063        942        869        865        909 
       829        802        836        722        838        778       1089       1158        851        877 
       842        785        878        883        887        869        865        790        947        837 
];
router03=[         0          0          0          0          0          0          0          0          0          0 
       612        610        828        680        544        594        600        604        641        577 
       664        669        635        627        851        782        603        626        631        675 
         0          0          0          0          0          0          0          0          0          0 
       776        825        832        811        835        738        837        785        799        793 
];
router04=[       738        645        646        606        631        599        683        626        585        649 
       839        806       1021        951        831        884        852        807        820        832 
         0          0          0          0          0          0          0          0          0          0 
       658        840        819        778        717        718       1065        886        734        639 
       866        799        792        839        810        850        777        878        850        861 
];
router05=[       843        610        685        602        697        685        735        652        715        687 
       820        891       1200        989        835        951        858        867        957        857 
       967       1039       1170       1170       1579       1140       1004        977       1011       1042 
       871        845        869        888        944        919       1443       1051        855        831 
       911        894        875        902        905        867        871        875       1002        812 
];
router06=[       745        705        621        691        605        760        620        671        616        621 
       985        904       1184       1059        889        925        911        967       1054        924 
       885        841        843        898       1232        996        785        876        864        883 
       845        733        917       1046        912        844       1275        992        824        764 
       885        804       1191       1154        883       1096        860        896        986        867 
];
router07=[       765        632        593        559        624        556        590        610        652        639 
       804        772        966        805        754        746        754        809        831        785 
       697        684        745        696        880        802        658        626        677        703 
         0          0          0          0          0          0          0          0          0          0 
       791        809        863        781        820        828        881        857        853        839 
];
router08=[      1033        852        755        803        769        791        796        854        795        820 
       578        617        649        648        609        636        625        638        569        630 
         0          0          0          0          0          0          0          0          0          0 
       696        656        712        719        693        728        931        770        656        661 
       834        789        821        849        820        856        813        785        834        828 
];
router09=[      1125        951        805        820        917        830        829        852        925        877 
       720        641        778        646        587        702        635        644        755        628 
      1039        820        925        872       1146       1036        773        861        919        907 
       930       1005       1008        977       1001        973       1386       1155        856        888 
       901        775        894        886        785        836        850        803        849        814 
];
router10=[      1516       1466       1080       1372       1138       1003       1166       1010       1182       1132 
       723        700        862        715        795        708        728        677        789        991 
       954        944       1030       1113       1343       1260        917       1010        974       1072 
      1321       1349       1414       1154       1536       1451       2073       1945       1527       1240 
       884       1197        965       1026        956        958       1019       1575       1551       1018 
];
router11=[      1158        931        848        807        791        797        854        778        863        816 
       640        651        690        630        577        604        720        717        683        597 
       719        717        722        772        992        880        693        661        758        738 
         0          0          0          0          0          0          0          0          0          0 
       944        807        846        798        841        792        847        898        783        827 
];
router12=[       867        706        559        626        563        700        605        633        583        687 
         0          0          0          0          0          0          0          0          0          0 
         0          0          0          0          0          0          0          0          0          0 
       737        715        687        749        743        678        957        839        715        661 
       783        801        842        789        815        848        816        855        826        818 
];
router13=[       946        772        521        715        629        704        650        693        799        756 
         0          0          0          0          0          0          0          0          0          0 
       833        977        844        804       1133        909        803        927        816        816 
       934        883        886        891        966        916       1295       1122        787        883 
       862        897        894        855        798        844        901        851        825        865 
];
