router00=[         0          0          0          0          0          0          0          0          0          0 
       228        273        246        257        239        270        256        235        257        261 
         0          0          0          0          0          0          0          0          0          0 
       284        260        275        255        284        242        287        224        278        212 
       338        327        302        316        350        361        342        351        307        313 
];
router01=[         0          0          0          0          0          0          0          0          0          0 
       226        245        265        252        214        245        236        235        247        231 
       273        260        270        260        279        273        272        279        284        272 
       330        355        350        351        375        345        361        348        342        338 
       380        315        304        350        298        335        351        337        331        335 
];
router02=[         0          0          0          0          0          0          0          0          0          0 
       258        269        253        256        255        262        248        269        264        247 
       359        363        312        383        374        370        323        358        339        376 
       268        271        270        259        279        247        293        266        276        253 
       355        364        331        338        316        355        350        367        314        303 
];
router03=[         0          0          0          0          0          0          0          0          0          0 
       227        284        232        292        209        297        208        255        198        277 
       267        292        290        270        281        270        266        291        299        266 
         0          0          0          0          0          0          0          0          0          0 
       303        343        367        329        354        295        333        332        322        323 
];
router04=[       254        249        259        257        256        240        251        239        244        240 
       340        311        355        304        330        322        319        311        342        308 
         0          0          0          0          0          0          0          0          0          0 
       282        284        268        277        282        286        291        265        270        261 
       363        331        314        312        324        313        337        304        343        287 
];
router05=[       264        245        271        224        259        237        256        251        260        242 
       333        342        346        316        319        333        349        316        335        314 
       272        257        276        263        249        252        240        264        244        231 
       345        376        342        390        353        359        383        382        305        393 
       333        348        312        323        312        342        320        360        302        320 
];
router06=[       285        255        267        248        248        244        283        236        258        235 
       321        347        346        322        310        346        333        326        318        324 
       349        371        340        373        355        344        309        343        332        342 
       241        297        252        321        265        287        265        311        253        299 
       328        345        330        340        344        341        306        332        311        334 
];
router07=[       235        260        230        275        227        271        227        258        231        275 
       335        362        318        354        287        333        332        350        314        349 
       246        294        269        253        270        270        263        255        278        234 
         0          0          0          0          0          0          0          0          0          0 
       333        375        332        341        356        333        331        332        331        325 
];
router08=[       323        346        304        343        332        342        322        328        324        352 
       236        248        257        252        230        243        253        241        244        236 
         0          0          0          0          0          0          0          0          0          0 
       267        275        261        281        257        250        253        295        232        285 
       303        353        318        334        315        316        336        332        362        344 
];
router09=[       357        336        326        320        337        322        351        311        340        316 
       251        234        258        233        257        242        261        239        234        246 
       256        296        276        285        268        276        248        274        254        279 
       356        359        363        378        376        322        399        343        329        339 
       316        291        317        339        308        340        311        320        335        324 
];
router10=[       337        344        301        365        294        363        294        315        337        341 
       239        243        242        257        239        257        223        240        239        246 
       331        369        362        363        371        347        341        350        363        354 
       230        276        249        279        278        282        282        252        249        260 
       350        344        364        338        355        327        328        327        343        339 
];
router11=[       318        383        287        342        297        372        310        386        300        354 
       236        272        225        274        234        281        235        262        230        266 
       257        277        232        298        275        299        258        265        244        264 
         0          0          0          0          0          0          0          0          0          0 
       335        333        320        333        309        314        313        338        330        322 
];
router12=[       229        255        228        282        234        259        254        269        241        260 
         0          0          0          0          0          0          0          0          0          0 
         0          0          0          0          0          0          0          0          0          0 
       246        328        255        287        253        315        265        310        240        297 
       322        303        292        373        307        345        334        343        334        317 
];
router13=[       240        237        238        258        259        239        238        245        243        256 
         0          0          0          0          0          0          0          0          0          0 
       269        259        274        256        297        276        256        267        262        268 
       391        357        373        346        377        339        398        345        392        316 
       345        333        346        340        341        305        333        315        318        337 
];
