router00=[         0          0          0          0          0          0          0          0          0          0 
       618        660        948        789        524        682        603        657        602        642 
         0          0          0          0          0          0          0          0          0          0 
       624        632        607        608        638        625        831        654        607        617 
       774        869        753        901        843        795        817        820        848        754 
];
router01=[         0          0          0          0          0          0          0          0          0          0 
       698        775        838        758        618        647        811        680        643        644 
       678       1004        812        853       1409       1028        808        936        765        724 
       911        876        903        897        920        843       1137        855        759        805 
       857        784        831        861        844        807        804        759        809        809 
];
router02=[         0          0          0          0          0          0          0          0          0          0 
       692        692        917        703        572        581        691        683        724        646 
       819        852        891        879       1240        934        837        841        845        811 
       733        812        841        696        708        905       1003        735        751        742 
       746        691        867        850        810        961        768        801        751        821 
];
router03=[         0          0          0          0          0          0          0          0          0          0 
       612        579        730        678        547        646        570        650        647        559 
       619        641        616        609        800        635        576        591        620        598 
         0          0          0          0          0          0          0          0          0          0 
       792        859        738        814        777        784        832        797        768        788 
];
router04=[       704        586        639        623        592        647        621        698        571        617 
       818        828       1072        837        701        927        795        771        859        812 
         0          0          0          0          0          0          0          0          0          0 
       599        640        677        619        669        634        831        747        606        644 
       777        757        851        823        770        780        801        838        785        854 
];
router05=[       674        609        567        592        573        637        627        595        606        639 
       741        803        960        945        820        808        878        799        828        802 
       745        697        848        942       1286       1217        715        777        658        797 
       809        908        861        881        868        829       1112        944        802        812 
       825        776        821        809        833        817        825        751        830        832 
];
router06=[       687        634        570        559        562        589        610        612        630        609 
       795        834       1048        897        718        744        791        745        808        955 
       798        849        857        824       1126        942        759        793        822        808 
       721        815        736        783        794        790        890        860        617        781 
       755        746        779        814        923        856        803        818        858        781 
];
router07=[       675        621        561        559        585        569        623        586        610        602 
       757        759        947        771        739        720        757        776        785        758 
       612        603        608        633        776        692        611        603        666        663 
         0          0          0          0          0          0          0          0          0          0 
       784        795        763        761        795        783        864        741        824        741 
];
router08=[       968        873        702        760        760        761        774        773        797        795 
       587        584        667        592        580        563        595        574        587        577 
         0          0          0          0          0          0          0          0          0          0 
       667        666        707        680        696        628        849        761        575        621 
       802        783        748        743        754        803        749        787        754        803 
];
router09=[       986        845        710        811        829        901        762        836        848        792 
       607        605        650        612        561        583        630        601        597        570 
       638        671        665        655        930        698        565        596        665        711 
       844        898        896        828        901        992       1195        945        851        816 
       792        801        769        699        819        764        812        808        765        861 
];
router10=[      1056        829        773        748        857        769        883        821        828        833 
       587        669        729        618        624        568        577        601        636        598 
       814        839        838        822       1146       1003        784        784        824        821 
       800        842        734        865        767        942       1020        966        583        824 
       787        967        770        953        770        772        836        865        912        836 
];
router11=[       982        823        731        786        866        801        817        837        790        848 
       600        604        675        559        576        551        584        546        596        549 
       656        618        631        617        804        651        559        575        625        620 
         0          0          0          0          0          0          0          0          0          0 
       759        752        853        791        796        756        767        796        797        805 
];
router12=[       735        629        567        559        603        574        611        617        577        575 
         0          0          0          0          0          0          0          0          0          0 
         0          0          0          0          0          0          0          0          0          0 
       638        681        647        678        663        678        937        768        597        633 
       720        744        777        785        820        790        798        786        786        767 
];
router13=[       715        618        597        564        687        589        658        672        595        561 
         0          0          0          0          0          0          0          0          0          0 
       685        698        704        633        778        692        627        628        743        711 
       832        811        803        875        828        837       1189        907        773        794 
       879        778        851        802        813        768        812        811        808        797 
];
