router00=[         0          0          0          0          0          0          0          0          0          0 
       714        777       1254       1345        809        729        812        752        790        852 
         0          0          0          0          0          0          0          0          0          0 
       693        684        706        682        692        741        848        819        603        672 
       774        848        905        846        841       1031        871        876        830        816 
];
router01=[         0          0          0          0          0          0          0          0          0          0 
       876        799        920        813        709        729        824        795        821        956 
      1355       1131       1245       1251       1847       1741       1078       1256       1277       1008 
       992        869        956       1037        994       1016       1416       1136        901       1002 
       821        922        894        790        866        836        958        842        861        855 
];
router02=[         0          0          0          0          0          0          0          0          0          0 
       785        797        930       1001        775        825        852        652        889        759 
       908        946        914        916       1360       1014        881        937        980        968 
       876        863        838        790        916        952       1382       1023        786        757 
       839        878        935        854        830        894       1024        890        905        927 
];
router03=[         0          0          0          0          0          0          0          0          0          0 
       670        666        727        603        575        582        581        607        664        656 
       685        642        697        635        856        710        610        668        663        629 
         0          0          0          0          0          0          0          0          0          0 
       762        808        830        777        815        836        826        815        816        802 
];
router04=[       726        643        578        635        594        622        627        699        623        611 
       865        786       1061        996        761        836        819        854        810        898 
         0          0          0          0          0          0          0          0          0          0 
       636        650        664        710        652        689        869        765        598        689 
       843        878        849        835        848        846        819        867        817        887 
];
router05=[       914        734        698        682        563        616        642        590        692        731 
       839        979       1008       1084        833        882        898        843        804        903 
      1070       1139       1152       1165       1521       1451        899       1025        984       1152 
       841        947        898        906        849        881       1219       1071        761        831 
       877        941        822        873        855        872        960        907        796        832 
];
router06=[       828        701        681        690        620        657        633        602        627        636 
       812        832       1249        842        736        899        857        865        931        896 
       899        922        931        942       1396       1023        826        900        887        933 
       890        820        862        975        916        864       1350       1055        755        794 
       796        841        841        959        870        813        910       1171        929        866 
];
router07=[       912        611        636        691        586        672        592        584        718        704 
       793        801       1064        915        778        848        941        889        911        827 
       731        692        730        774        978        915        641        694        635        634 
         0          0          0          0          0          0          0          0          0          0 
       747        826        893        838        804        852        828        834        840        836 
];
router08=[      1066        900        858        831        785        870        807        840        811        811 
       614        642        663        615        575        612        586        648        628        626 
         0          0          0          0          0          0          0          0          0          0 
       703        722        771        698        717        691        968        877        652        652 
       829        769        792        823        792        808        818        770        810        801 
];
router09=[      1108       1017        934        823        818        853        927        932        982        901 
       653        636        725        657        652        644        592        592        703        679 
       799        909        955        993       1445       1130        778        934        866       1070 
       854        823        948        941        908       1039       1290       1051        859        890 
       880        940        862        875        836        804        761        774        829        895 
];
router10=[      1306       1016        983        996        915        915        954       1052        907       1077 
       836       1068        913        688        671        690        915        713        673        750 
       921        951       1002        991       1312       1127        889        964        864        944 
       932       1194       1227       1152       1144       1167       1886       1710       1182       1058 
      1117        884       1259        954        892        856        903        825       1398       1157 
];
router11=[      1091        986        784        880        927        880        818        942        774        944 
       649        686        727        599        629        597        635        599        719        614 
       662        719        739        753        944        858        635        750        639        670 
         0          0          0          0          0          0          0          0          0          0 
       788        898        847        793        811        814        878        844        817        883 
];
router12=[       727        680        618        575        624        623        646        621        599        626 
         0          0          0          0          0          0          0          0          0          0 
         0          0          0          0          0          0          0          0          0          0 
       654        621        630        638        645        740        867        706        624        658 
       806        807        793        789        782        830        776        833        807        804 
];
router13=[      1043        730        646        644        658        633        794        625        724        695 
         0          0          0          0          0          0          0          0          0          0 
       719        697        739        802       1009       1027        738        945        752        731 
       870        901        980        961        920        982       1277       1123        981        936 
       847        821        865        803        800        800        842        795        835        744 
];
