router00=[         0          0          0          0          0          0          0          0          0          0 
       330        312        348        337        310        331        332        320        314        320 
         0          0          0          0          0          0          0          0          0          0 
       362        376        333        375        377        358        406        353        338        359 
       462        481        434        393        437        451        432        401        474        467 
];
router01=[         0          0          0          0          0          0          0          0          0          0 
       345        334        341        356        335        356        359        327        344        348 
       372        336        385        342        377        320        363        333        387        346 
       473        429        491        497        492        484        518        443        465        446 
       434        456        431        419        440        408        443        462        440        439 
];
router02=[         0          0          0          0          0          0          0          0          0          0 
       342        328        384        336        319        319        315        317        314        291 
       478        467        507        482        536        469        479        454        508        450 
       329        364        333        370        360        377        361        371        346        375 
       445        431        458        439        415        409        429        469        412        459 
];
router03=[         0          0          0          0          0          0          0          0          0          0 
       312        347        282        346        311        347        312        362        328        329 
       357        377        334        365        373        369        347        336        388        338 
         0          0          0          0          0          0          0          0          0          0 
       408        445        464        444        479        425        483        446        464        458 
];
router04=[       343        346        301        334        335        353        325        351        306        343 
       465        413        498        405        446        407        460        403        487        409 
         0          0          0          0          0          0          0          0          0          0 
       375        372        385        351        356        371        387        377        335        358 
       418        432        400        439        434        435        401        451        401        473 
];
router05=[       331        338        325        324        323        328        327        331        319        335 
       456        447        496        448        454        452        455        443        451        416 
       336        379        361        361        384        383        362        350        352        355 
       489        464        478        468        473        478        557        469        472        460 
       399        458        436        453        480        450        446        445        483        437 
];
router06=[       306        382        296        345        304        336        312        366        285        363 
       434        456        446        438        393        449        419        446        438        460 
       464        493        492        485        513        470        457        463        445        492 
       351        355        387        362        352        371        381        355        336        359 
       428        419        443        419        457        446        446        431        483        445 
];
router07=[       372        321        373        308        354        319        342        333        352        325 
       431        419        469        432        464        438        486        421        458        422 
       357        340        375        355        413        347        344        355        374        353 
         0          0          0          0          0          0          0          0          0          0 
       411        471        443        432        421        447        410        427        420        461 
];
router08=[       444        465        393        452        423        414        410        469        417        458 
       328        321        352        344        325        325        327        329        326        331 
         0          0          0          0          0          0          0          0          0          0 
       354        361        366        357        365        334        400        343        364        358 
       463        452        468        437        447        415        459        475        474        451 
];
router09=[       443        456        420        448        469        436        447        455        451        411 
       343        330        333        327        315        340        343        334        322        336 
       360        360        392        381        390        346        361        359        338        363 
       465        473        476        475        489        472        527        466        460        428 
       436        402        416        435        444        457        426        467        494        431 
];
router10=[       471        423        401        429        440        413        447        432        446        465 
       325        313        363        305        319        309        338        314        344        306 
       479        478        471        457        513        477        487        461        491        477 
       394        351        361        346        351        327        364        339        366        356 
       447        451        421        479        424        421        453        415        474        434 
];
router11=[       460        468        437        457        432        448        430        433        434        448 
       339        334        359        339        341        332        352        323        342        323 
       354        373        345        361        383        362        328        369        345        346 
         0          0          0          0          0          0          0          0          0          0 
       432        403        420        413        419        466        420        431        462        439 
];
router12=[       356        346        312        313        354        330        347        328        351        327 
         0          0          0          0          0          0          0          0          0          0 
         0          0          0          0          0          0          0          0          0          0 
       320        381        334        396        361        374        346        363        351        370 
       437        473        476        433        409        423        451        402        434        427 
];
router13=[       386        291        316        323        354        323        326        317        346        305 
         0          0          0          0          0          0          0          0          0          0 
       364        363        332        343        391        369        372        368        342        336 
       479        499        445        471        466        491        509        495        445        496 
       458        459        453        480        450        410        465        433        423        428 
];
