%rate: 1000 cycles per 10k cycles
router00=[         0          0          0          0          0          0          0          0          0          0          0          0 
       129        116        129        121        147        111        128        105        127        112        140        109 
         0          0          0          0          0          0          0          0          0          0          0          0 
       140        130        150        150        144        137        133        138        128        139        152        127 
       156        179        168        152        168        151        157        166        174        175        176        152 
];
router01=[         0          0          0          0          0          0          0          0          0          0          0          0 
       128        139        127        126        137        132        125        114        126        115        124        108 
       124        137        124        136        132        138        136        143        116        132        123        124 
       175        190        186        190        176        202        181        190        191        190        170        186 
       162        162        169        184        176        139        163        159        161        144        166        161 
];
router02=[         0          0          0          0          0          0          0          0          0          0          0          0 
       132        132        126        139        134        129        144        132        122        132        120        126 
       157        188        181        158        183        177        164        169        176        160        166        172 
       133        135        140        130        120        128        130        130        136        140        132        129 
       167        176        175        189        181        169        168        139        151        152        160        164 
];
router03=[         0          0          0          0          0          0          0          0          0          0          0          0 
       130        121        121        129        128        121        129        112        127        125        127        124 
       141        135        138        142        116        137        134        130        126        128        121        124 
         0          0          0          0          0          0          0          0          0          0          0          0 
       207        146        177        150        161        166        171        180        167        145        167        162 
];
router04=[       122        139        121        136        124        129        120        117        133        123        124        131 
       150        196        157        181        164        172        158        181        148        180        165        160 
         0          0          0          0          0          0          0          0          0          0          0          0 
       128        138        127        131        141        138        127        147        140        130        145        138 
       196        150        171        162        182        155        167        149        175        168        154        150 
];
router05=[       123        122        116        140        118        127        116        123        114        122        124        119 
       168        175        195        174        176        175        184        165        172        175        167        168 
       142        113        153        125        147        147        153        139        138        121        126        135 
       173        190        177        180        177        167        193        168        172        176        185        185 
       172        151        161        150        155        150        169        165        148        140        162        176 
];
router06=[       115        133        119        133        128        123        115        120        116        125        126        125 
       162        180        190        183        187        172        185        167        163        176        167        184 
       169        192        160        207        165        172        177        183        182        179        176        166 
       148        139        132        124        145        145        136        131        143        120        145        124 
       169        137        185        163        160        162        158        178        158        156        165        179 
];
router07=[       136        128        129        121        142        123        139        117        125        114        129        121 
       147        191        155        182        148        182        153        197        148        168        154        188 
       116        135        127        125        137        123        133        139        150        134        128        144 
         0          0          0          0          0          0          0          0          0          0          0          0 
       183        159        165        170        166        131        166        156        154        177        150        191 
];
router08=[       158        191        176        166        158        163        154        184        152        187        153        174 
       125        132        126        119        121        129        126        129        118        134        121        121 
         0          0          0          0          0          0          0          0          0          0          0          0 
       129        145        123        128        139        130        122        133        127        124        119        145 
       178        174        160        160        162        162        158        152        167        173        138        161 
];
router09=[       166        172        152        169        154        166        159        161        162        157        151        170 
       126        124        123        127        132        123        135        119        142        117        132        124 
       115        126        121        125        131        115        129        141        141        135        123        131 
       179        195        163        190        172        191        159        182        178        192        171        205 
       157        180        163        203        154        194        156        164        160        180        164        180 
];
router10=[       168        177        156        174        160        168        164        163        170        158        175        158 
       125        131        125        134        121        138        130        133        120        129        109        136 
       176        178        166        186        166        168        167        171        161        176        176        165 
       145        137        126        155        138        144        139        135        141        160        120        135 
       160        176        189        175        201        153        172        171        173        149        204        154 
];
