%rate: 1200 cycles per 10k cycles
router00=[         0          0          0          0          0          0          0          0          0          0          0          0 
       146        150        164        156        157        151        149        148        170        148        157        132 
         0          0          0          0          0          0          0          0          0          0          0          0 
       145        178        157        168        155        148        135        144        140        159        151        167 
       194        202        210        216        205        222        192        200        203        195        217        195 
];
router01=[         0          0          0          0          0          0          0          0          0          0          0          0 
       142        161        152        145        129        153        166        151        148        126        143        134 
       168        164        176        167        173        181        171        166        154        165        146        176 
       221        213        222        211        210        216        221        222        198        218        212        206 
       203        190        188        187        191        185        222        202        188        198        187        210 
];
router02=[         0          0          0          0          0          0          0          0          0          0          0          0 
       139        146        140        135        136        154        145        153        127        149        146        150 
       223        201        216        204        227        228        216        201        230        215        222        212 
       168        168        164        171        176        168        168        175        166        159        168        158 
       204        208        201        207        210        194        199        228        205        226        200        185 
];
router03=[         0          0          0          0          0          0          0          0          0          0          0          0 
       136        163        143        156        156        169        144        155        142        160        145        159 
       164        153        154        157        159        160        167        163        159        158        149        150 
         0          0          0          0          0          0          0          0          0          0          0          0 
       216        184        231        211        196        201        202        223        222        170        214        194 
];
router04=[       159        158        144        155        145        148        151        153        162        151        159        144 
       210        199        217        198        212        180        200        198        213        188        212        199 
         0          0          0          0          0          0          0          0          0          0          0          0 
       144        170        164        175        169        170        164        163        150        183        153        180 
       199        208        188        181        184        209        188        208        218        209        219        198 
];
router05=[       140        153        144        158        147        140        162        143        161        149        143        153 
       183        223        196        213        200        198        205        215        202        204        207        216 
       158        167        158        150        161        159        168        172        138        180        166        176 
       219        228        223        207        226        233        215        223        240        226        223        207 
       197        191        182        187        194        190        196        220        176        215        207        174 
];
router06=[       142        173        149        160        160        156        151        156        150        151        154        165 
       209        199        188        216        194        205        220        186        194        184        182        205 
       224        236        208        229        223        223        199        220        226        217        217        202 
       173        165        167        176        175        158        173        178        177        158        170        156 
       184        206        207        202        179        198        198        203        230        203        225        212 
];
router07=[       163        177        162        159        149        175        141        161        147        176        151        175 
       198        213        210        205        207        197        209        202        202        189        192        193 
       162        171        167        178        171        180        161        162        142        177        152        151 
         0          0          0          0          0          0          0          0          0          0          0          0 
       203        194        191        193        244        198        196        235        193        226        192        197 
];
router08=[       206        212        190        221        193        204        191        195        197        193        194        197 
       147        163        135        155        151        165        142        155        146        148        142        143 
         0          0          0          0          0          0          0          0          0          0          0          0 
       168        170        170        153        152        164        149        164        163        167        158        154 
       197        207        207        186        227        202        228        199        198        179        223        212 
];
router09=[       179        205        184        205        192        199        194        189        198        200        195        194 
       148        157        155        155        150        157        150        156        156        156        151        146 
       166        164        154        176        150        157        150        154        132        155        170        152 
       209        245        216        229        212        244        211        219        220        226        214        221 
       212        187        206        174        187        175        225        208        216        216        216        214 
];
router10=[       199        210        210        219        205        213        237        196        202        212        197        203 
       165        136        158        148        154        146        156        155        136        137        158        133 
       218        223        194        187        220        228        211        207        209        222        194        206 
       153        169        170        187        171        174        172        201        163        176        182        191 
       190        216        204        194        204        188        242        223        209        211        200        245 
];
