%rate: 1800 cycles per 10k cycles
router00=[         0          0          0          0          0          0          0          0          0          0          0          0 
      4253       4099       3931       4254       4087       4261       3934       3890       4194       4247       4112       3775 
         0          0          0          0          0          0          0          0          0          0          0          0 
       232        239        237        232        237        225        216        230        224        240        224        228 
       657        940        792        793        865        764        719        673        704        881        828        823 
];
router01=[         0          0          0          0          0          0          0          0          0          0          0          0 
       522        605        499        577        669        602        515        569        592        504        667        501 
      3142       2911       3477       2722       2805       3068       3124       3049       3201       3101       2776       2948 
       320        344        327        340        328        357        370        373        349        343        375        369 
       544        624        616        616        565        735        605        755        733        593        724        541 
];
router02=[         0          0          0          0          0          0          0          0          0          0          0          0 
       371        406        435        296        345        319        309        500        394        466        344        388 
       321        356        332        346        325        324        333        361        334        322        350        333 
       909        772        948        783        804        847        805        834        914       1057        846        908 
       583        503        344        894        701        605        636        479        778        611        774        532 
];
router03=[         0          0          0          0          0          0          0          0          0          0          0          0 
       345        427        326        469        377        407        323        395        409        393        440        452 
       217        221        221        245        226        231        219        243        218        234        219        211 
         0          0          0          0          0          0          0          0          0          0          0          0 
       721        982        882        866        857        840        823        989        787        985       1231        877 
];
router04=[      2753       2612       3214       2436       2621       2782       2871       2913       2448       2792       2624       2471 
      2766       2379       2438       2837       2280       2613       2265       1979       2107       2635       3238       2561 
         0          0          0          0          0          0          0          0          0          0          0          0 
       264        257        236        229        231        227        238        229        229        244        227        243 
       955       1123        898        997        955        785        986       1006        966        973       1019        814 
];
router05=[      3146       3033       2789       3462       2970       3407       2648       2904       2918       2929       2966       3284 
       678        497        587        643        778        634        587        664        732        609        552        581 
      2760       2843       2433       2716       2798       2891       2771       2807       2476       2497       2783       2706 
       417        394        351        405        346        437        343        355        377        368        305        400 
       783        677        880        879        792        636        769        748        703        709        742        920 
];
router06=[       408        421        511        334        492        388        503        544        470        485        551        381 
       448        542        446        421        381        571        482        477        457        722        477        417 
       327        361        348        333        362        370        357        311        335        360        345        350 
      1034       1105        980       1213       1375       1128       1156       1274       1281       1076       1079       1070 
       808       1281        920        640        461        557        424        519        868        476        484        573 
];
router07=[      4692       4813       4693       4326       4607       4004       4442       4284       4185       4569       4957       4444 
       854        912        899        935        905        906        860       1041        794        941        795        864 
       233        256        245        246        248        265        245        244        267        254        234        228 
         0          0          0          0          0          0          0          0          0          0          0          0 
       832        967       1107        923        860        846        777        938        930       1040       1014       1009 
];
router08=[       511        450        384        384        413        362        365        368        402        405        488        423 
       656        744        797        884        747        783        836        896        610        782        835        780 
         0          0          0          0          0          0          0          0          0          0          0          0 
       262        284        243        262        272        294        234        295        279        282        281        276 
       444        428        563        568        549        644        526        598        507        535        562        445 
];
router09=[       590        612        747        683        815        793        685        685        801        754        812        673 
       454        538        562        597        479        446        515        419        490        580        420        487 
      1165       1429       1270       1498       1297       1196       1059       1211       1446       1335       1069       1290 
       342        391        404        347        372        352        352        430        342        402        398        364 
       425        589        574        454        519        437        471        535        512        491        481        507 
];
router10=[       633        603        600        564        482        455        467        598        459        558        431        450 
       449        496        446        537        464        701        433        601        613        425        436        293 
       382        356        402        324        369        368        359        378        390        406        434        391 
      1760       1481       1876       1750       1656       1386       1293       1465       1587       1592       1492       1742 
      1419       1263       1183       1273        923       1271        592        517        345       1126       1449        728 
];
