%rate: 1700 cycles per 10k cycles
router00=[         0          0          0          0          0          0          0          0          0          0          0          0 
       979        902        904        902        835       1071        887        862        779        911        904        930 
         0          0          0          0          0          0          0          0          0          0          0          0 
       229        226        233        210        240        240        234        224        238        214        214        239 
       516        471        400        417        351        529        613        504        494        469        646        426 
];
router01=[         0          0          0          0          0          0          0          0          0          0          0          0 
       310        439        547        374        448        541        477        417        528        518        487        431 
      1937       1674       1853       1759       2022       1972       1871       1984       1608       2017       2083       1597 
       354        335        325        328        325        337        317        321        354        310        324        319 
       549        486        699        555        393        531        477        495        584        593        575        446 
];
router02=[         0          0          0          0          0          0          0          0          0          0          0          0 
       507        579        613        550        445        358        499        502        652        617        631        492 
       297        324        309        314        341        338        299        310        309        340        329        340 
       973        854        827        984        920        970        890        880        796        927        982        747 
       784        783        862        402        612        431        887        890        721        662        798        510 
];
router03=[         0          0          0          0          0          0          0          0          0          0          0          0 
       313        309        322        373        309        325        396        428        338        292        339        357 
       239        234        226        230        233        243        214        206        222        213        233        207 
         0          0          0          0          0          0          0          0          0          0          0          0 
       364        416        408        431        395        511        322        399        394        400        384        375 
];
router04=[      1065        778        660        480        880        756        704        659        733        785        673        665 
      1105       1245       1092       1242       1050       1159       1007        970        961        961        968       1021 
         0          0          0          0          0          0          0          0          0          0          0          0 
       221        230        214        217        231        220        233        230        210        208        219        220 
       670        427        415        425        362        551        476        441        536        545        523        503 
];
router05=[      2709       2684       2944       2443       2498       2577       2375       2571       2509       2564       2447       2330 
       539        573        585        590        427        482        590        481        517        665        530        510 
      1727       1888       1958       1868       1775       1592       1749       1697       1702       1746       1455       1346 
       328        377        304        290        322        318        345        312        345        352        304        312 
       778        838        758        715        694        780        663        701        808        839        664        791 
];
router06=[       671        795        818        875        829        792        656        831        807        683        709        592 
       431        356        501        405        441        563        626        552        569        579        501        452 
       313        317        311        342        312        299        325        342        360        325        327        329 
       610        664        830        737        892        757        726        922        610        818        704        700 
       553        475        798        780        643        638        753        565        487        570        775        804 
];
router07=[      1178       1004       1379       1273       1044        968       1187       1298       1533       1168       1608       1079 
       434        489        391        382        381        435        511        461        428        425        350        383 
       233        217        227        219        237        225        223        223        229        228        236        237 
         0          0          0          0          0          0          0          0          0          0          0          0 
       480        410        561        434        555        466        578        565        531        423        540        591 
];
router08=[       261        302        281        346        274        271        308        338        310        277        308        308 
       240        347        377        414        343        292        377        283        334        284        275        353 
         0          0          0          0          0          0          0          0          0          0          0          0 
       237        226        238        233        226        224        220        260        230        237        241        222 
       364        491        314        367        305        335        344        434        342        298        402        356 
];
router09=[       665        658        560        522        590        578        462        674        572        550        625        737 
       282        332        361        291        282        332        434        470        359        261        284        324 
       772        923        885        893        871        786        875        932        952        881        992        839 
       307        331        307        333        344        309        320        342        286        300        326        328 
       354        436        427        326        428        391        329        502        444        465        365        377 
];
router10=[       363        436        439        512        344        467        392        439        469        465        447        364 
       459        387        368        305        377        338        288        312        276        346        226        376 
       335        333        319        343        321        330        300        336        323        317        298        334 
      1247       1495       1350       1363       1364       1244       1516       1256       1298       1412       1370       1321 
      1020        548        356        295       1301        381       1305        572        214        800        485        484 
];
