%rate: 1100 cycles per 10k cycles
router00=[         0          0          0          0          0          0          0          0          0          0          0          0 
       136        144        130        131        145        130        138        122        138        139        143        126 
         0          0          0          0          0          0          0          0          0          0          0          0 
       152        164        137        153        157        148        155        140        152        164        165        132 
       196        205        203        172        187        183        195        212        200        191        163        184 
];
router01=[         0          0          0          0          0          0          0          0          0          0          0          0 
        95        156        123        144        131        119        132        127        137        137        122        144 
       144        167        159        157        147        140        156        144        156        154        140        143 
       202        218        194        210        196        197        187        200        189        182        196        194 
       173        191        170        181        185        179        207        162        183        161        186        198 
];
router02=[         0          0          0          0          0          0          0          0          0          0          0          0 
       135        134        126        140        129        154        141        144        134        147        136        137 
       186        200        193        186        184        202        190        196        195        188        179        201 
       154        148        144        159        156        140        148        141        158        144        155        142 
       157        170        178        198        198        194        172        191        161        160        187        179 
];
router03=[         0          0          0          0          0          0          0          0          0          0          0          0 
       148        147        139        143        140        143        145        132        136        134        148        134 
       140        137        149        152        143        156        146        157        150        149        131        136 
         0          0          0          0          0          0          0          0          0          0          0          0 
       177        158        196        168        190        172        194        172        174        178        164        195 
];
router04=[       143        140        150        139        155        143        139        149        136        147        161        135 
       181        200        182        166        176        180        195        177        193        187        193        175 
         0          0          0          0          0          0          0          0          0          0          0          0 
       145        159        148        147        137        172        156        155        144        161        147        138 
       194        203        192        166        191        195        142        192        180        191        189        183 
];
router05=[       136        148        140        151        135        138        141        141        141        139        138        132 
       178        196        176        168        179        188        172        187        196        182        183        178 
       165        157        168        148        153        157        149        152        141        137        162        150 
       189        193        208        192        197        204        182        198        196        202        189        204 
       178        193        158        162        157        171        188        170        182        196        203        197 
];
router06=[       129        139        124        132        126        144        125        137        127        145        140        137 
       179        185        172        203        184        203        176        199        178        191        179        191 
       182        211        185        206        192        224        196        217        181        195        189        206 
       130        153        151        154        164        143        156        138        159        151        138        136 
       167        193        179        196        181        156        186        205        199        169        193        205 
];
router07=[       134        147        136        134        125        138        137        131        124        130        137        139 
       195        195        198        194        175        195        176        196        163        199        181        177 
       152        154        142        149        132        176        142        166        141        146        153        141 
         0          0          0          0          0          0          0          0          0          0          0          0 
       215        177        176        156        178        175        182        194        182        176        174        183 
];
router08=[       201        183        184        190        186        184        206        186        207        196        191        174 
       124        143        141        130        138        138        134        137        125        151        135        133 
         0          0          0          0          0          0          0          0          0          0          0          0 
       156        159        171        144        167        147        160        145        162        156        164        171 
       188        188        165        182        194        181        176        166        205        199        176        179 
];
router09=[       190        205        169        195        177        191        181        196        166        199        173        184 
       137        159        128        152        138        141        148        138        122        142        127        133 
       154        148        145        167        158        152        159        153        154        149        156        146 
       193        221        184        221        205        207        199        216        203        189        213        199 
       202        174        179        194        174        188        174        194        199        194        184        197 
];
router10=[       177        204        185        200        186        175        189        183        182        180        191        168 
       147        141        155        150        150        146        141        145        134        135        146        135 
       203        237        194        226        210        204        212        225        188        209        205        200 
       170        157        150        166        152        147        141        160        142        148        157        157 
       171        200        201        199        168        206        172        197        187        161        191        183 
];
