%rate: 1900 cycles per 10k cycles
router00=[         0          0          0          0          0          0          0          0          0          0          0          0 
      5125       4629       4830       5461       4397       4999       4994       4779       4989       5005       4896       4967 
         0          0          0          0          0          0          0          0          0          0          0          0 
       240        219        238        236        244        232        250        220        224        216        240        240 
      1225       1183        984       1169       1095        985        980        993       1223       1023       1339       1239 
];
router01=[         0          0          0          0          0          0          0          0          0          0          0          0 
       605        630        762        695        673        566        528        554        682        602        748        587 
      2954       3266       3503       3164       2826       3057       3247       2896       3039       3478       2880       2824 
       378        336        349        359        351        373        393        344        330        369        342        370 
       597        704        518        648        622        660        606        490        651        632        638        487 
];
router02=[         0          0          0          0          0          0          0          0          0          0          0          0 
       364        467        406        334        281        309        336        285        364        445        400        361 
       352        403        371        352        332        394        414        337        388        446        363        362 
       666        785        710        809        774        665        641        792        808        824        636        566 
       328        391        503        594        842        955        470        864        523        400        693       1000 
];
router03=[         0          0          0          0          0          0          0          0          0          0          0          0 
       615        583        681        537        590        517        497        580        432        619        439        508 
       259        247        236        248        243        272        252        241        274        252        242        238 
         0          0          0          0          0          0          0          0          0          0          0          0 
       898       1073       1217        971       1229        918        944        944       1110       1257       1172        746 
];
router04=[      3059       3044       3105       3040       3409       3441       3375       3350       3477       3071       3336       2841 
      2150       2042       2500       2798       2623       2151       2214       2277       1987       2109       2097       2129 
         0          0          0          0          0          0          0          0          0          0          0          0 
       249        222        230        228        254        217        229        238        241        241        242        239 
      1055       1010       1213       1142        990       1098       1048       1116        992        987       1058       1008 
];
router05=[      3125       3049       3434       3045       3222       3332       3230       3375       3601       2973       3037       3558 
       609        556        729        715        551        529        521        619        689        508        525        479 
      1968       2005       2004       1975       2184       1698       2122       2113       2016       2071       1926       2021 
       508        468        429        454        430        412        387        438        376        493        401        389 
       952        809       1030        716       1012        849        645        795        673        845        865        755 
];
router06=[       597        593        593        668        489        615        684        702        527        678        631        710 
       719        861        924        519        635        895        627        494        711        534        785        533 
       367        360        419        332        415        380        363        409        361        351        407        395 
      1908       2015       1878       1920       1933       1908       1865       2017       1930       1617       1969       2183 
       586        580       1551       1589       1093       1302        919       1559        724       1830       1954        292 
];
router07=[      5506       5102       5348       5427       4849       5297       5353       5361       5035       5608       5147       5296 
      1604       1484       1715       1322       1369       1486       1114       1282       1214       1449       1354       1719 
       227        239        229        227        232        245        220        255        238        220        229        232 
         0          0          0          0          0          0          0          0          0          0          0          0 
      1106       1058       1123        857        933       1358       1199       1064       1133        975        915       1243 
];
router08=[       463        496        457        401        500        594        421        479        542        478        533        379 
       883       1359       1104       1106       1007       1128       1238       1064       1088       1077       1076       1052 
         0          0          0          0          0          0          0          0          0          0          0          0 
       242        272        277        273        259        248        271        277        246        289        276        291 
       750        636        578        520        596        458        717        580        587        601        595        640 
];
router09=[       652        617        571        624        845        608        605        617        564        585        647        730 
       519        465        604        484        533        541        523        471        627        576        680        574 
      1062       1173       1106       1080        954       1181        894       1064        919       1137       1107       1229 
       371        391        407        464        451        364        403        411        375        411        334        393 
       389        507        459        473        500        479        428        542        539        560        496        411 
];
router10=[       420        623        562        564        465        504        488        543        604        461        412        442 
       475        639        485        397        345        472        676        437        493        358        383        465 
       350        378        417        417        359        358        403        368        359        356        390        356 
      1616       1400       1164       1318       1503       1397       1431       1498       1555       1751       1514       1550 
       820        667        606       1155        840        388        795        829       1031       1575       1063        866 
];
