%rate: 2000 cycles per 10k cycles
router00=[         0          0          0          0          0          0          0          0          0          0          0          0 
      5724       5886       5537       5705       5863       5630       5297       5658       5852       5750       5607       5341 
         0          0          0          0          0          0          0          0          0          0          0          0 
       227        246        226        223        248        264        239        252        212        290        264        236 
      1072        989       1119       1323       1029       1033       1140       1256       1071       1181       1132       1134 
];
router01=[         0          0          0          0          0          0          0          0          0          0          0          0 
       619        557        782        801        622        771        732        772        624        705        653        556 
      4252       4488       4468       4589       4375       4549       4732       4635       4571       4610       4354       4506 
       324        342        323        305        311        340        319        353        305        340        335        332 
       687        815        695        646        652        602        835        682        530        703        742        771 
];
router02=[         0          0          0          0          0          0          0          0          0          0          0          0 
       295        302        290        406        257        279        298        303        374        357        295        295 
       340        346        390        365        393        370        405        383        344        373        361        370 
       623        676        556        619        569        702        505        662        565        605        558        509 
       736        439        441        476        813        418        350        784        567        371        669        434 
];
router03=[         0          0          0          0          0          0          0          0          0          0          0          0 
       459        417        315        393        435        431        434        397        380        385        408        358 
       222        234        234        220        240        225        233        234        253        233        218        230 
         0          0          0          0          0          0          0          0          0          0          0          0 
       951        933        823        950        934        918        972        880       1025        950        895        866 
];
router04=[      3833       3951       3200       3389       3678       3713       3597       3531       3567       3558       3530       3716 
      2590       2788       2636       3027       2757       2442       2683       2625       2451       2418       2273       2575 
         0          0          0          0          0          0          0          0          0          0          0          0 
       279        272        274        254        244        274        272        244        226        271        290        246 
      1223       1086       1241       1152        906        849       1128       1221       1162        919       1303       1268 
];
router05=[      4145       3860       3461       3507       3710       3903       3606       3472       4266       4100       3616       3833 
       576        551        450        647        622        524        780        511        529        636        534        600 
      2423       2179       2468       2457       2504       2446       2266       2334       2604       2663       2182       2496 
       429        375        340        355        357        333        402        367        413        380        457        455 
       727        879        947       1066        976       1240        897        893        866       1029        857        771 
];
router06=[       414        554        561        578        606        746        634        596        624        537        597        498 
       475        483        294        345        466        404        418        455        418        364        358        473 
       396        353        350        364        366        405        376        340        359        352        340        349 
      1060       1200       1071       1086       1008       1133       1081       1038        975       1020       1101        848 
       699       1633        427        613        600        803        856        823        658        497        884        532 
];
router07=[      5985       5667       5889       5724       5623       5784       5650       5681       5200       5474       5807       5720 
      1391       1545       1421       1564       1503       1325       1395       1471       1239       1484       1530       1130 
       241        279        251        262        246        260        287        272        257        233        222        278 
         0          0          0          0          0          0          0          0          0          0          0          0 
      1032       1028       1135       1238       1173        879        981        939       1076        832       1071        965 
];
router08=[       543        811        865        781        765        710        706        690        504        664        814        798 
      1105        982       1172       1132       1022        898        950        891        955       1253       1021       1046 
         0          0          0          0          0          0          0          0          0          0          0          0 
       243        256        253        240        231        252        239        325        247        237        261        269 
       729        806        596        497        428        573        617        567        790        868        520        696 
];
router09=[       689        619        652        622        727        646        647        680        571        686        609        604 
       470        593        550        658        654        590        593        652        580        723        651        612 
      1348       1357       1280       1286       1164       1188       1268       1111       1229       1463       1439       1217 
       450        402        427        435        388        433        483        436        419        503        432        425 
       629        562        452        540        513        638        563        521        705        620        532        660 
];
router10=[       659        715        610        581        745        609        578        740        699        724        620        737 
       366        476        482        319        426        480        681        727        621        462        506        443 
       351        400        385        430        380        407        356        370        359        382        378        367 
      2208       1958       1901       1959       2428       1878       2169       2189       2078       2386       2107       1812 
       799        799        905       1537        539       1816       1734        808       2121       1515       1800       1486 
];
