%rate: 1400 cycles per 10k cycles
router00=[         0          0          0          0          0          0          0          0          0          0          0          0 
       181        192        179        172        176        166        173        156        163        161        151        165 
         0          0          0          0          0          0          0          0          0          0          0          0 
       193        202        203        193        205        189        200        196        193        186        188        195 
       240        258        229        193        224        245        247        229        239        244        226        258 
];
router01=[         0          0          0          0          0          0          0          0          0          0          0          0 
       229        224        214        219        234        207        229        169        237        197        236        168 
       389        242        321        409        346        332        276        329        314        400        366        326 
       243        255        254        264        274        257        267        263        259        252        254        251 
       264        214        247        229        229        218        240        276        233        230        274        237 
];
router02=[         0          0          0          0          0          0          0          0          0          0          0          0 
       199        194        172        187        151        179        176        196        157        178        184        186 
       260        274        250        268        258        247        257        260        258        261        258        245 
       198        194        197        214        213        185        199        187        211        216        208        205 
       242        259        243        226        256        220        235        247        254        254        208        236 
];
router03=[         0          0          0          0          0          0          0          0          0          0          0          0 
       189        169        181        173        174        177        178        188        182        185        175        170 
       197        198        216        200        213        195        188        199        197        202        193        188 
         0          0          0          0          0          0          0          0          0          0          0          0 
       253        203        264        209        232        222        235        248        227        256        229        256 
];
router04=[       180        185        192        196        179        179        176        191        191        205        213        201 
       219        241        230        222        219        224        218        227        228        229        242        238 
         0          0          0          0          0          0          0          0          0          0          0          0 
       193        200        188        194        191        185        193        211        176        197        205        180 
       283        230        219        202        249        261        202        271        221        250        229        266 
];
router05=[       193        163        188        174        191        172        201        161        191        210        189        179 
       234        253        225        262        261        252        226        237        249        217        242        222 
       176        207        220        218        212        206        207        204        203        195        184        219 
       263        269        275        262        304        270        245        273        254        258        269        256 
       231        256        261        233        227        256        238        235        217        241        255        217 
];
router06=[       216        182        181        160        184        192        196        178        215        193        178        169 
       342        276        329        257        322        339        323        324        403        314        370        435 
       261        262        248        248        242        251        281        264        246        264        254        259 
       322        315        297        440        388        355        321        289        450        357        360        363 
       231        512        251        203        240        367        228        231        247        225        474        399 
];
router07=[       186        191        182        202        159        191        172        185        189        173        197        181 
       225        215        232        232        246        238        229        232        260        247        242        219 
       185        209        197        194        182        206        191        213        180        186        188        182 
         0          0          0          0          0          0          0          0          0          0          0          0 
       250        237        231        251        245        223        219        248        249        271        245        252 
];
router08=[       220        235        229        234        227        226        218        244        223        244        231        248 
       167        180        164        164        178        166        166        163        165        184        159        174 
         0          0          0          0          0          0          0          0          0          0          0          0 
       188        195        176        205        184        187        178        206        199        188        185        196 
       238        243        253        233        269        241        247        222        246        207        226        213 
];
router09=[       231        240        240        242        232        245        221        225        235        229        255        226 
       173        171        182        174        172        169        201        167        190        181        175        181 
       188        208        175        193        192        199        191        191        181        193        175        187 
       248        248        262        260        251        251        261        248        267        246        257        254 
       238        218        238        246        264        237        262        251        216        211        218        243 
];
router10=[       255        241        243        240        263        255        240        270        233        239        246        218 
       160        239        190        191        249        179        180        165        225        172        171        195 
       261        258        245        243        239        257        247        233        257        240        249        254 
       200        259        232        216        210        233        256        244        210        222        256        209 
       307        217        229        251        239        224        251        235        347        364        224        251 
];
