%rate: 1500 cycles per 10k cycles
router00=[         0          0          0          0          0          0          0          0          0          0          0          0 
       178        210        184        218        216        203        230        197        191        202        239        204 
         0          0          0          0          0          0          0          0          0          0          0          0 
       202        207        182        191        211        212        197        206        209        186        213        195 
       255        284        212        246        247        245        262        251        240        235        267        268 
];
router01=[         0          0          0          0          0          0          0          0          0          0          0          0 
       210        174        185        229        189        172        231        191        184        239        252        199 
       305        295        289        322        269        382        278        285        251        209        271        296 
       264        271        274        272        265        278        280        266        269        265        259        265 
       246        256        272        254        260        281        246        257        266        245        278        256 
];
router02=[         0          0          0          0          0          0          0          0          0          0          0          0 
       185        213        196        236        239        252        173        215        219        208        205        202 
       267        269        260        259        271        269        271        268        257        259        276        260 
       264        233        257        237        218        202        217        228        252        213        230        209 
       278        256        256        239        276        288        304        320        337        275        249        262 
];
router03=[         0          0          0          0          0          0          0          0          0          0          0          0 
       203        203        193        171        194        191        192        199        182        184        184        180 
       186        210        199        202        211        213        188        196        186        192        183        206 
         0          0          0          0          0          0          0          0          0          0          0          0 
       249        313        338        254        255        233        329        259        352        351        248        241 
];
router04=[       195        218        186        183        209        177        228        200        213        204        206        185 
       256        262        262        273        272        274        270        245        235        257        237        245 
         0          0          0          0          0          0          0          0          0          0          0          0 
       228        234        252        231        226        220        215        231        229        215        205        199 
       267        239        261        216        252        266        249        257        272        255        255        252 
];
router05=[       338        305        296        479        444        354        337        411        357        344        358        297 
       248        299        304        255        261        269        264        265        273        297        285        283 
       253        255        346        297        300        338        371        322        270        346        319        267 
       271        287        270        279        276        270        289        306        287        295        296        290 
       288        304        302        266        280        297        289        257        305        413        326        327 
];
router06=[       193        237        209        296        234        219        239        208        209        275        247        269 
       252        286        276        278        316        329        297        380        251        277        302        292 
       263        280        278        261        263        272        266        273        286        294        252        269 
       341        365        319        310        351        374        326        358        367        320        390        338 
       271        267        461        311        544        278        280        553        370        331        236        468 
];
router07=[       311        294        309        397        463        343        448        293        425        399        258        271 
       282        283        268        256        300        265        272        281        259        249        310        252 
       210        217        208        200        196        205        207        214        196        192        209        199 
         0          0          0          0          0          0          0          0          0          0          0          0 
       286        295        271        273        276        255        341        321        311        292        285        308 
];
router08=[       252        264        256        258        237        241        246        260        250        250        248        245 
       178        202        201        210        189        195        203        200        197        198        184        204 
         0          0          0          0          0          0          0          0          0          0          0          0 
       199        179        171        204        181        206        199        198        202        209        196        199 
       250        259        246        246        251        274        236        287        240        227        264        265 
];
router09=[       247        286        251        275        265        279        262        293        310        262        319        260 
       186        201        180        212        182        200        213        219        195        208        184        195 
       254        295        201        213        283        274        229        246        234        262        276        236 
       262        288        258        288        268        268        265        274        281        268        274        255 
       257        238        253        266        294        257        259        264        255        294        232        243 
];
router10=[       289        377        339        359        317        316        304        267        355        277        314        406 
       244        233        274        285        228        268        250        190        198        412        215        215 
       261        277        259        268        252        275        262        263        259        280        275        267 
       323        394        362        263        282        427        347        287        352        376        407        418 
       258        344        294        371        278        319        350        392        292        255        384        557 
];
