%rate: 1300 cycles per 10k cycles
router00=[         0          0          0          0          0          0          0          0          0          0          0          0 
       154        179        192        150        174        146        145        159        162        182        167        161 
         0          0          0          0          0          0          0          0          0          0          0          0 
       172        191        180        185        170        189        172        188        158        182        196        185 
       212        222        220        181        234        204        216        224        243        213        235        213 
];
router01=[         0          0          0          0          0          0          0          0          0          0          0          0 
       152        167        178        162        162        143        151        159        179        148        181        160 
       180        199        174        180        173        202        187        192        165        196        167        207 
       228        234        242        253        225        250        244        243        236        244        236        244 
       211        227        224        200        237        207        245        220        220        231        238        242 
];
router02=[         0          0          0          0          0          0          0          0          0          0          0          0 
       168        182        178        165        156        175        167        149        161        164        176        167 
       245        237        232        232        242        241        227        250        219        220        217        224 
       179        193        164        191        171        171        173        185        182        180        166        194 
       227        200        227        216        217        236        226        215        212        233        224        225 
];
router03=[         0          0          0          0          0          0          0          0          0          0          0          0 
       152        186        168        160        169        165        180        177        158        161        162        164 
       183        170        181        160        172        183        174        177        167        154        177        172 
         0          0          0          0          0          0          0          0          0          0          0          0 
       241        219        223        217        203        203        213        214        215        227        228        215 
];
router04=[       191        153        165        161        174        163        170        172        171        173        176        155 
       206        203        213        212        237        227        203        229        211        224        221        225 
         0          0          0          0          0          0          0          0          0          0          0          0 
       178        190        164        197        162        180        186        175        177        184        157        166 
       222        228        229        213        201        220        222        240        197        211        215        228 
];
router05=[       176        165        171        171        175        169        179        159        175        179        173        166 
       203        246        207        220        205        221        219        220        221        200        228        228 
       176        187        191        198        187        165        192        175        162        165        183        193 
       223        248        222        238        255        235        208        229        229        228        235        241 
       216        215        209        208        183        197        209        222        213        208        193        218 
];
router06=[       172        181        180        174        170        162        174        165        170        176        156        164 
       211        213        225        221        230        208        231        225        212        210        220        207 
       244        225        223        232        235        223        253        227        250        238        242        230 
       180        194        205        170        187        179        204        204        159        179        179        186 
       247        206        229        212        205        227        220        228        230        236        211        226 
];
router07=[       160        175        163        171        165        175        167        183        158        167        164        151 
       243        214        240        224        215        229        207        216        214        204        227        214 
       174        201        176        159        189        187        186        188        186        160        185        171 
         0          0          0          0          0          0          0          0          0          0          0          0 
       236        210        225        231        218        219        217        221        211        219        235        217 
];
router08=[       217        226        225        192        215        237        218        235        217        253        196        216 
       157        166        167        151        153        156        155        158        150        147        149        149 
         0          0          0          0          0          0          0          0          0          0          0          0 
       177        159        174        190        163        170        157        164        158        148        166        178 
       204        222        228        210        227        214        244        248        242        231        207        234 
];
router09=[       210        222        243        212        231        225        212        222        216        206        215        216 
       172        224        162        170        162        202        164        174        162        186        171        178 
       196        205        179        197        167        190        168        177        170        185        169        173 
       234        251        249        225        233        213        240        224        218        246        229        240 
       227        217        212        207        223        210        220        217        229        178        214        223 
];
router10=[       227        239        207        231        201        211        227        240        236        234        205        222 
       170        181        159        180        156        182        163        169        158        204        155        162 
       230        246        238        232        257        244        231        227        253        230        224        236 
       173        166        173        168        181        174        192        157        175        171        177        172 
       209        228        207        202        230        209        225        210        224        242        222        222 
];
