%rate: 1600 cycles per 10k cycles
router00=[         0          0          0          0          0          0          0          0          0          0          0          0 
       710        629        519        625        512        554        553        670        575        638        650        660 
         0          0          0          0          0          0          0          0          0          0          0          0 
       195        211        204        210        200        212        208        219        223        224        209        217 
       273        351        405        340        316        332        346        300        382        318        365        314 
];
router01=[         0          0          0          0          0          0          0          0          0          0          0          0 
       381        313        328        305        280        400        363        399        340        342        361        379 
      1077        980       1047       1105       1065       1000        855       1103       1087        932       1255       1136 
       304        300        308        294        342        320        344        308        290        301        267        299 
       320        352        291        301        308        279        321        341        319        310        301        268 
];
router02=[         0          0          0          0          0          0          0          0          0          0          0          0 
       251        276        300        250        303        257        299        257        260        297        224        295 
       306        307        301        294        299        307        293        316        285        298        279        328 
       381        359        435        404        364        471        449        398        332        375        381        412 
       338        389        373        388        427        312        330        330        513        494        454        362 
];
router03=[         0          0          0          0          0          0          0          0          0          0          0          0 
       187        206        217        209        213        197        193        190        194        195        207        199 
       202        229        220        218        230        212        226        219        220        221        216        228 
         0          0          0          0          0          0          0          0          0          0          0          0 
       314        310        306        331        304        279        293        291        276        294        336        269 
];
router04=[       305        365        383        435        529        330        379        367        405        316        279        391 
       450        487        364        446        403        461        462        474        402        492        390        430 
         0          0          0          0          0          0          0          0          0          0          0          0 
       207        218        215        216        216        229        223        224        226        229        202        206 
       309        350        367        344        299        375        384        304        348        306        315        317 
];
router05=[       290        285        326        344        357        377        349        348        267        282        364        297 
       420        299        281        373        345        307        322        331        421        412        337        338 
       579        632        670        605        649        780        672        703        517        666        692        705 
       328        303        320        308        310        324        315        318        301        316        282        345 
       285        341        315        283        386        321        393        289        307        328        320        360 
];
router06=[       550        451        397        504        501        315        562        414        479        654        536        572 
       464        409        337        439        382        452        414        332        374        491        454        360 
       314        271        280        279        296        283        288        325        298        302        335        309 
       607        636        550        587        575        612        471        781        589        603        432        525 
       796        436        531        642        751        392        669        494        497        652        588        343 
];
router07=[       293        354        310        313        318        274        306        243        293        275        337        295 
       256        393        284        308        263        355        303        375        295        269        269        271 
       213        205        220        226        215        207        217        213        215        226        228        217 
         0          0          0          0          0          0          0          0          0          0          0          0 
       258        282        297        305        319        328        334        291        321        309        297        319 
];
router08=[       323        307        314        292        379        320        359        306        315        301        313        321 
       257        239        227        259        201        198        253        196        198        213        222        219 
         0          0          0          0          0          0          0          0          0          0          0          0 
       222        217        217        224        221        219        222        205        226        217        225        215 
       263        291        308        256        284        292        300        294        252        356        291        278 
];
router09=[       261        275        275        282        323        271        287        298        343        273        268        321 
       217        227        221        219        229        253        279        214        239        226        289        236 
       307        339        352        308        286        324        316        422        316        268        350        294 
       299        301        314        308        320        292        286        297        286        301        300        306 
       292        271        310        274        320        276        301        262        293        262        290        265 
];
router10=[       409        530        340        343        545        435        533        483        455        559        415        584 
       440        518        357        359        331        648        407        427        437        389        288        357 
       272        298        279        284        266        300        284        303        271        309        268        278 
       834        760        719        530        763        561        747        718        771        609        826        776 
       441        371        351        637        821       1069        800        327        616        615        873        368 
];
