router00=[         0          0          0          0          0          0          0          0          0          0 
       505        537        588        590        592        563        580        589        571        559 
         0          0          0          0          0          0          0          0          0          0 
       529        604        661        640        648        638        659        623        655        589 
       748        765        722        751        745        740        694        764        768        762 
];
router01=[         0          0          0          0          0          0          0          0          0          0 
       559        569        594        576        634        570        538        588        615        577 
       597        616        664        624        686        585        636        663        683        653 
       816        840        823        822        843        824        856        863        850        806 
       753        736        725        725        766        739        762        757        753        757 
];
router02=[         0          0          0          0          0          0          0          0          0          0 
       520        590        599        584        542        566        573        573        598        573 
       778        781        925        837        849        800        828        823        834        850 
       586        606        614        597        642        606        612        607        613        574 
       707        738        768        709        731        738        728        779        745        695 
];
router03=[         0          0          0          0          0          0          0          0          0          0 
       527        580        588        519        557        548        521        555        532        551 
       584        639        687        692        695        709        707        718        630        593 
         0          0          0          0          0          0          0          0          0          0 
       750        725        682        802        673        781        728        781        679        721 
];
router04=[       618        552        549        549        587        562        558        558        570        557 
       717        707        772        720        792        720        750        711        759        726 
         0          0          0          0          0          0          0          0          0          0 
       548        592        634        619        614        593        632        592        583        617 
       741        737        713        739        733        735        738        811        725        738 
];
router05=[       649        587        539        562        566        525        577        564        569        556 
       699        750        804        741        768        759        737        808        793        763 
       627        594        677        661        635        621        628        605        624        609 
       762        804        872        837        832        856        815        802        821        846 
       755        739        727        769        724        799        777        727        785        764 
];
router06=[       615        565        550        568        550        543        582        556        572        551 
       736        727        782        773        760        751        765        745        783        767 
       785        781        881        819        906        797        865        857        863        877 
       564        601        767        622        648        591        652        611        788        778 
       756        742        733        748        684        719        722        722        751        748 
];
router07=[       604        556        560        525        555        562        535        557        538        561 
       699        736        740        724        725        726        726        747        743        748 
       612        603        638        622        603        646        675        676        621        621 
         0          0          0          0          0          0          0          0          0          0 
       754        731        793        751        760        746        763        780        732        724 
];
router08=[       837        768        687        719        723        756        761        730        751        759 
       555        563        610        567        568        577        565        545        565        548 
         0          0          0          0          0          0          0          0          0          0 
       669        747        738        811        611        654        696        690        672        813 
       730        756        777        715        780        711        767        768        756        760 
];
router09=[       893        761        728        721        767        724        776        731        755        721 
       536        552        567        575        544        574        551        567        549        596 
       607        642        672        626        654        634        638        667        654        642 
       756        774        895        868        889        854        807        793        909        838 
       759        775        745        786        727        736        743        772        740        735 
];
router10=[       872        747        703        732        780        725        731        730        807        715 
       538        560        563        535        531        523        548        569        561        566 
       792        800        819        865        848        840        943        884        902        851 
       587        636        683        654        662        617        621        629        610        601 
       734        757        754        738        752        771        762        770        732        758 
];
router11=[       868        748        688        735        769        765        740        740        747        724 
       571        574        588        541        547        555        553        545        579        553 
       553        637        616        612        622        614        691        638        591        601 
         0          0          0          0          0          0          0          0          0          0 
       745        725        751        755        723        708        757        737        697        736 
];
router12=[       586        606        511        596        555        549        556        561        527        575 
         0          0          0          0          0          0          0          0          0          0 
         0          0          0          0          0          0          0          0          0          0 
       577        638        626        619        605        605        590        609        654        593 
       724        713        729        749        787        713        777        702        732        723 
];
router13=[       626        604        523        560        525        548        545        569        578        551 
         0          0          0          0          0          0          0          0          0          0 
       623        593        664        619        663        614        607        608        603        603 
       766        803        944        859        865        787        856        864        891        845 
       775        728        711        774        772        760        725        765        716        746 
];
