router00=[         0          0          0          0          0          0          0          0          0          0 
       149        168        150        177        157        180        152        167        148        160 
         0          0          0          0          0          0          0          0          0          0 
       169        181        161        184        177        182        159        194        159        195 
       230        245        213        186        226        236        204        229        245        211 
];
router01=[         0          0          0          0          0          0          0          0          0          0 
       136        170        162        159        162        186        172        168        151        170 
       191        182        182        172        187        158        184        142        196        159 
       250        239        236        232        235        238        236        230        231        223 
       222        262        259        219        209        235        214        249        245        230 
];
router02=[         0          0          0          0          0          0          0          0          0          0 
       156        164        149        176        156        161        154        160        170        160 
       205        274        228        277        207        250        204        253        217        254 
       176        211        173        210        152        202        153        205        163        202 
       220        226        226        213        222        209        210        233        188        226 
];
router03=[         0          0          0          0          0          0          0          0          0          0 
       140        187        150        191        163        187        156        171        149        172 
       150        209        178        212        181        172        178        205        169        186 
         0          0          0          0          0          0          0          0          0          0 
       235        210        208        215        230        214        248        227        236        217 
];
router04=[       166        169        160        178        165        181        162        174        164        173 
       220        203        213        226        224        198        218        215        230        223 
         0          0          0          0          0          0          0          0          0          0 
       174        165        186        169        179        156        189        164        183        163 
       227        221        216        231        201        219        218        167        192        223 
];
router05=[       169        181        163        173        186        173        189        186        185        168 
       202        227        215        244        194        227        191        231        187        228 
       174        186        178        173        163        176        166        187        168        195 
       232        238        246        225        231        230        239        230        245        233 
       239        221        214        225        204        222        212        254        228        217 
];
router06=[       165        157        162        170        159        164        164        161        171        162 
       206        217        201        201        213        210        202        229        214        198 
       232        257        223        286        227        231        219        242        224        250 
       156        181        160        196        163        184        147        170        149        191 
       222        253        220        228        230        198        239        194        217        227 
];
router07=[       152        167        155        172        163        174        167        173        159        172 
       210        202        238        223        209        226        210        229        210        230 
       154        186        149        223        152        184        151        213        157        193 
         0          0          0          0          0          0          0          0          0          0 
       228        216        232        205        216        202        208        207        239        213 
];
router08=[       208        223        209        227        207        219        223        215        220        202 
       162        191        156        187        159        198        168        172        148        182 
         0          0          0          0          0          0          0          0          0          0 
       170        165        156        162        178        190        180        185        179        176 
       260        224        217        229        200        225        231        208        221        203 
];
router09=[       241        250        210        230        216        240        213        241        220        259 
       136        189        134        184        135        184        140        182        137        183 
       186        225        173        194        154        195        176        205        151        200 
       234        243        231        232        251        213        224        236        251        241 
       239        203        187        210        211        217        206        229        239        222 
];
router10=[       203        266        180        254        186        255        178        242        175        257 
       149        156        154        163        152        166        155        160        164        162 
       234        256        231        248        230        267        242        246        244        247 
       158        219        161        191        171        193        166        171        172        192 
       216        219        201        199        235        194        222        204        214        213 
];
router11=[       242        216        234        207        214        218        235        225        243        202 
       165        181        171        176        163        171        171        172        161        163 
       162        195        159        206        169        189        181        209        168        196 
         0          0          0          0          0          0          0          0          0          0 
       230        221        241        202        204        236        235        211        218        184 
];
router12=[       130        198        137        202        148        202        137        172        155        180 
         0          0          0          0          0          0          0          0          0          0 
         0          0          0          0          0          0          0          0          0          0 
       175        199        186        195        184        193        168        190        178        201 
       235        215        201        231        242        241        215        241        219        225 
];
router13=[       166        206        148        193        163        182        149        182        147        177 
         0          0          0          0          0          0          0          0          0          0 
       143        212        159        213        144        194        142        226        152        205 
       231        278        237        244        224        243        217        247        211        257 
       230        224        231        204        219        204        218        209        200        224 
];
