router00=[         0          0          0          0          0          0          0          0          0          0 
       600        646        645        636        593        659        680        617        601        562 
         0          0          0          0          0          0          0          0          0          0 
       594        596        653        639        599        618        612        627        633        612 
       836        779        740        800        752        709        807        782        819        729 
];
router01=[         0          0          0          0          0          0          0          0          0          0 
       642        575        679        531        607        601        644        597        603        594 
       632        619        758        702        764        674        680        644        714        694 
       788        833        854        861        816        911        890        861        868        852 
       802        772        773        764        748        804        769        751        795        738 
];
router02=[         0          0          0          0          0          0          0          0          0          0 
       555        639        643        613        577        603        576        629        632        580 
       844        895        976        932       1048        928        945        920        979        941 
       670        690        683        756        685        711        701        686        696        685 
       687        764        762        751        761        762        801        724        732        756 
];
router03=[         0          0          0          0          0          0          0          0          0          0 
       537        543        605        597        583        536        609        606        580        564 
       646        644        719        666        666        614        700        614        644        625 
         0          0          0          0          0          0          0          0          0          0 
       816        749        740        783        812        730        771        757        787        773 
];
router04=[       674        569        568        546        587        566        609        580        643        583 
       752        725        825        785        842        785        802        782        856        768 
         0          0          0          0          0          0          0          0          0          0 
       667        634        794        661        676        674        757        686        658        745 
       820        760        740        760        801        731        785        787        786        785 
];
router05=[       631        613        568        583        580        592        572        566        552        562 
       782        810        804        785        746        782        726        842        802        804 
       690        702        690        692        713        670        713        674        672        652 
       815        840       1085        981        942        921        930        929        990       1022 
       816        818        756        760        767        748        740        754        732        780 
];
router06=[       620        601        553        604        532        589        549        557        579        608 
       720        748        836        783        792        747        759        784        811        806 
       844        880        929        895        992        872        902        873        952        922 
       629        753        756        725        721        673        692        668        716        652 
       771        768        784        798        793        769        853        827        785        735 
];
router07=[       669        606        589        557        584        562        600        593        585        582 
       753        796        828        747        817        810        783        781        734        780 
       593        664        680        722        733        674        664        701        709        645 
         0          0          0          0          0          0          0          0          0          0 
       741        772        844        746        771        704        810        736        746        767 
];
router08=[       937        767        746        761        780        761        780        737        805        756 
       560        599        584        575        597        568        674        603        588        607 
         0          0          0          0          0          0          0          0          0          0 
       637        577        655        666        676        643        651        619        688        613 
       747        823        780        782        823        744        761        804        769        775 
];
router09=[       925        782        739        724        833        763        752        767        751        721 
       611        587        562        595        582        580        627        659        578        598 
       642        657        736        679        675        683        738        722        684        687 
       860        799        926        904        905        896        898        820        864        820 
       766        814        763        811        745        762        771        763        748        795 
];
router10=[       908        796        716        741        760        756        805        744        735        740 
       548        591        593        597        592        578        573        602        569        626 
       822        816       1015        825        892        902        888        959        925        883 
       613        607        666        717        651        725        706        743        649        681 
       777        760        725        796        788        723        771        767        796        763 
];
router11=[       915        813        706        764        743        772        731        778        774        769 
       554        603        571        596        573        634        569        597        564        578 
       638        684        768        705        711        710        704        704        678        685 
         0          0          0          0          0          0          0          0          0          0 
       788        746        796        841        783        766        752        783        719        759 
];
router12=[       692        619        535        567        644        577        588        583        628        560 
         0          0          0          0          0          0          0          0          0          0 
         0          0          0          0          0          0          0          0          0          0 
       725        632        697        703        745        649        790        866        911        749 
       785        814        756        724        812        760        790        790        784        761 
];
router13=[       776        651        530        582        598        610        634        592        590        606 
         0          0          0          0          0          0          0          0          0          0 
       688        650        703        686        667        715        745        678        725        787 
       873        861       1015       1160       1022        895        986        960       1141       1048 
       769        776        778        767        703        822        737        794        768        797 
];
