router00=[         0          0          0          0          0          0          0          0          0          0 
       509        553        575        566        561        580        559        566        553        604 
         0          0          0          0          0          0          0          0          0          0 
       579        578        662        588        676        630        671        635        611        605 
       766        797        760        781        782        771        779        804        729        738 
];
router01=[         0          0          0          0          0          0          0          0          0          0 
       575        543        586        582        528        609        575        577        556        580 
       635        600        639        651        649        660        657        684        661        618 
       828        825        969        889        860        921        898        872        862        928 
       751        784        785        771        740        764        758        741        781        776 
];
router02=[         0          0          0          0          0          0          0          0          0          0 
       615        623        610        613        591        607        569        590        588        597 
       795        802        861        839        843        875        829        937        907        878 
       668        619        642        618        626        710        645        640        615        775 
       736        770        759        738        758        782        779        798        753        736 
];
router03=[         0          0          0          0          0          0          0          0          0          0 
       548        590        607        555        554        543        549        564        551        597 
       684        671        683        686        682        701        631        654        743        656 
         0          0          0          0          0          0          0          0          0          0 
       781        750        733        756        788        795        728        782        769        758 
];
router04=[       630        599        584        582        586        556        591        560        593        579 
       747        746        788        769        736        757        763        742        746        748 
         0          0          0          0          0          0          0          0          0          0 
       612        607        657        596        629        662        625        612        595        672 
       767        741        723        740        744        791        774        766        700        822 
];
router05=[       652        596        540        561        572        564        606        564        572        563 
       774        727        786        763        812        775        772        780        769        749 
       625        675        675        721        800        702        677        695        629        689 
       834        812        870        933        911        854        957        814        919        843 
       779        786        714        763        796        727        755        768        775        792 
];
router06=[       639        563        567        540        571        559        567        550        620        519 
       784        714        770        791        796        827        791        754        804        774 
       797        823        926        863        872        867        875        852        929        879 
       618        624        735        675        675        638        631        630        644        709 
       833        806        792        793        744        816        807        725        782        717 
];
router07=[       641        585        572        569        597        549        573        568        580        567 
       786        778        814        765        781        791        789        786        840        742 
       648        598        821        741        780        627        740        722        723        689 
         0          0          0          0          0          0          0          0          0          0 
       728        779        719        796        779        753        764        715        745        781 
];
router08=[       882        785        716        729        745        753        736        745        750        731 
       559        562        569        534        577        571        592        561        578        553 
         0          0          0          0          0          0          0          0          0          0 
       642        634        654        706        667        697        661        680        645        678 
       708        780        763        749        773        745        775        756        771        816 
];
router09=[       915        819        748        761        747        749        789        768        777        750 
       544        558        603        556        585        617        556        582        570        595 
       657        646        662        684        689        611        629        653        662        639 
       831        818        923        865        929        918        906        898        938        881 
       735        763        712        749        789        766        779        724        823        749 
];
router10=[       907        790        756        717        783        736        763        772        794        728 
       581        569        608        597        606        588        589        600        648        614 
       805        918        869        858        852        890        895        827        948        834 
       610        675        726        702        768        728        736        667        691        712 
       780        774        738        715        763        806        736        902        800        818 
];
router11=[       883        792        733        748        764        768        744        755        740        788 
       570        586        603        553        605        600        565        572        581        562 
       630        620        720        673        659        641        667        672        671        706 
         0          0          0          0          0          0          0          0          0          0 
       733        784        753        745        772        816        796        727        756        788 
];
router12=[       609        604        522        548        610        592        582        573        561        583 
         0          0          0          0          0          0          0          0          0          0 
         0          0          0          0          0          0          0          0          0          0 
       663        595        730        710        821        719        730        726        612        667 
       783        698        797        789        736        777        702        770        737        749 
];
router13=[       685        613        579        623        588        618        568        565        605        581 
         0          0          0          0          0          0          0          0          0          0 
       633        692        676        655        668        617        668        639        691        665 
       801        780       1079        900        988        903        916        922       1020        931 
       771        753        813        771        762        777        738        770        718        750 
];
