router00=[         0          0          0          0          0          0          0          0          0          0 
       517        556        546        572        536        566        513        539        537        551 
         0          0          0          0          0          0          0          0          0          0 
       579        587        613        605        598        609        589        633        596        583 
       706        708        699        721        697        762        731        703        727        741 
];
router01=[         0          0          0          0          0          0          0          0          0          0 
       530        562        567        561        561        549        553        512        540        543 
       558        578        578        603        618        622        625        627        602        587 
       779        765        810        859        793        802        823        790        809        803 
       735        719        680        706        717        763        727        744        721        680 
];
router02=[         0          0          0          0          0          0          0          0          0          0 
       574        523        560        586        578        525        553        571        564        577 
       734        789        797        837        865        772        776        797        800        793 
       586        577        634        575        595        612        621        614        605        604 
       682        681        728        760        719        727        734        753        654        718 
];
router03=[         0          0          0          0          0          0          0          0          0          0 
       550        561        555        543        544        534        539        572        525        522 
       573        580        588        599        627        573        574        628        608        579 
         0          0          0          0          0          0          0          0          0          0 
       740        710        772        759        735        722        750        720        750        667 
];
router04=[       587        537        523        550        538        515        539        530        549        529 
       705        719        732        754        756        692        721        681        760        704 
         0          0          0          0          0          0          0          0          0          0 
       579        581        607        648        591        597        587        634        562        593 
       683        737        692        749        729        796        758        691        712        718 
];
router05=[       601        544        537        530        543        549        537        542        534        516 
       670        727        745        737        738        729        728        742        785        737 
       551        647        690        604        615        600        594        620        705        631 
       823        847       1051        927        880        900        934        806        968        806 
       660        729        742        718        705        684        677        769        737        691 
];
router06=[       621        525        548        523        587        512        563        503        562        527 
       791        766        771        766        824        794        695        760        728        732 
       760        768        789        800        808        827        809        823        847        851 
       555        644        635        639        673        625        649        565        633        645 
       728        736        704        722        677        734        743        737        743        721 
];
router07=[       604        559        547        590        564        535        553        546        586        536 
       730        732        737        756        747        744        713        726        746        704 
       598        606        617        614        608        641        683        655        657        630 
         0          0          0          0          0          0          0          0          0          0 
       714        660        725        761        687        710        729        772        767        687 
];
router08=[       841        727        688        699        701        709        721        728        727        697 
       531        517        537        547        533        556        547        555        567        561 
         0          0          0          0          0          0          0          0          0          0 
       586        569        607        570        591        599        610        573        634        601 
       707        758        713        727        714        752        739        729        697        771 
];
router09=[       810        723        695        677        707        677        710        715        726        739 
       547        546        560        528        569        509        552        498        553        516 
       592        557        627        597        615        636        607        637        599        574 
       781        744        921        776        780        774        819        787        844        819 
       714        727        724        682        723        728        743        760        696        710 
];
router10=[       798        732        671        695        704        716        713        694        694        704 
       541        547        539        557        540        560        518        548        533        566 
       751        778        797        837        857        801        782        819        771        786 
       573        590        619        610        545        621        604        579        597        603 
       713        751        689        728        724        756        732        723        761        722 
];
router11=[       825        755        680        734        716        730        670        762        708        705 
       536        532        554        512        578        525        560        535        571        531 
       581        588        592        608        560        617        598        610        571        586 
         0          0          0          0          0          0          0          0          0          0 
       703        720        682        654        739        716        738        686        738        727 
];
router12=[       593        570        568        532        595        568        606        517        608        563 
         0          0          0          0          0          0          0          0          0          0 
         0          0          0          0          0          0          0          0          0          0 
       616        583        583        585        618        621        672        607        650        577 
       641        745        711        694        748        718        726        745        721        702 
];
router13=[       620        527        510        486        555        506        591        544        535        532 
         0          0          0          0          0          0          0          0          0          0 
       584        620        625        589        612        567        624        570        561        604 
       794        734        824        783        817        753        809        793        784        757 
       643        731        738        678        731        695        700        738        751        746 
];
