router00=[         0          0          0          0          0          0          0          0          0          0 
       297        359        319        339        320        354        289        352        319        363 
         0          0          0          0          0          0          0          0          0          0 
       373        362        341        383        344        381        346        387        355        364 
       440        473        418        418        431        458        425        393        442        449 
];
router01=[         0          0          0          0          0          0          0          0          0          0 
       323        370        318        355        313        359        314        360        333        367 
       318        377        342        361        356        379        357        356        359        369 
       464        491        489        492        484        484        445        507        482        492 
       419        433        413        397        439        407        456        439        464        424 
];
router02=[         0          0          0          0          0          0          0          0          0          0 
       320        346        308        355        313        353        337        342        338        340 
       459        458        506        481        489        479        482        470        473        467 
       361        338        393        359        381        352        363        350        375        327 
       427        452        449        425        425        424        434        451        431        447 
];
router03=[         0          0          0          0          0          0          0          0          0          0 
       304        338        301        344        341        346        337        325        328        321 
       360        363        336        370        327        373        346        354        348        366 
         0          0          0          0          0          0          0          0          0          0 
       406        406        459        439        486        439        460        465        446        455 
];
router04=[       333        337        331        341        309        346        307        341        304        337 
       428        457        432        456        454        456        430        471        450        455 
         0          0          0          0          0          0          0          0          0          0 
       358        337        367        349        346        359        363        377        355        346 
       423        460        395        459        426        445        442        442        421        463 
];
router05=[       343        336        320        315        331        295        331        305        329        323 
       415        470        454        456        430        458        422        469        443        436 
       369        360        349        371        352        368        386        389        383        375 
       458        469        469        505        439        524        435        480        466        477 
       383        466        439        404        468        466        439        447        452        439 
];
router06=[       287        380        283        367        286        362        308        365        287        358 
       454        441        459        426        457        417        471        418        455        421 
       447        513        478        502        437        504        442        543        430        520 
       353        360        375        364        362        355        361        353        343        364 
       433        441        444        436        458        425        462        433        462        455 
];
router07=[       350        342        332        316        333        317        353        323        341        332 
       427        452        444        449        474        429        453        440        450        439 
       358        383        377        377        392        362        368        361        352        353 
         0          0          0          0          0          0          0          0          0          0 
       423        457        450        451        390        423        430        420        439        440 
];
router08=[       461        430        433        426        469        411        450        400        425        415 
       347        319        362        308        356        324        336        308        340        308 
         0          0          0          0          0          0          0          0          0          0 
       360        351        366        344        385        342        369        319        365        339 
       468        424        464        471        433        447        465        473        464        463 
];
router09=[       449        436        414        458        452        447        438        406        423        428 
       308        348        323        323        317        326        312        342        326        337 
       338        385        354        353        338        370        357        360        354        378 
       439        508        476        479        469        495        462        492        460        491 
       445        428        427        438        426        408        406        471        460        462 
];
router10=[       445        448        424        436        403        442        441        429        420        429 
       318        332        323        342        326        352        325        324        328        327 
       469        444        485        480        468        463        512        470        460        476 
       364        342        390        347        340        365        362        332        410        327 
       455        422        452        445        439        451        412        448        454        470 
];
router11=[       459        438        452        434        433        435        436        435        450        433 
       352        326        353        323        357        317        361        314        362        303 
       334        344        359        342        338        365        339        391        353        355 
         0          0          0          0          0          0          0          0          0          0 
       436        432        397        408        450        456        433        439        474        443 
];
router12=[       355        342        318        357        343        328        334        339        311        307 
         0          0          0          0          0          0          0          0          0          0 
         0          0          0          0          0          0          0          0          0          0 
       367        326        353        373        347        355        363        360        363        376 
       441        466        462        440        417        421        440        412        443        423 
];
router13=[       332        341        278        318        332        332        297        324        324        327 
         0          0          0          0          0          0          0          0          0          0 
       358        351        345        377        363        331        379        346        368        345 
       455        494        462        496        434        497        481        502        475        514 
       434        455        446        427        447        418        448        426        416        453 
];
