router00=[         0          0          0          0          0          0          0          0          0          0 
       663        586        751        642        728        631        682        636        636        614 
         0          0          0          0          0          0          0          0          0          0 
       623        643        713        654        663        684        720        743        720        712 
       822        879        797        841        749        830        834        820        862        805 
];
router01=[         0          0          0          0          0          0          0          0          0          0 
       650        794        717        658        660        677        661        748        729        750 
       750        792        824        770        966        791        942        957        923        824 
       899        886       1157       1132       1298       1224       1099       1053        981       1039 
       878        816        900        804        826        785        829        792        805        779 
];
router02=[         0          0          0          0          0          0          0          0          0          0 
       646        658        656        659        641        614        659        628        648        652 
       925        939       1198       1106       1117       1045       1123        988       1053       1042 
       883        888        902        937        740        812        783        912        782        954 
       779        811        811        808        779        803        778        762        876        807 
];
router03=[         0          0          0          0          0          0          0          0          0          0 
       673        603        681        602        644        604        640        638        610        616 
       655        722        830        730        790        785        786        826        786        751 
         0          0          0          0          0          0          0          0          0          0 
       773        791        797        800        796        810        814        811        835        849 
];
router04=[       668        613        594        580        604        605        601        596        632        601 
       766        816        807        828        813        783        866        819        806        804 
         0          0          0          0          0          0          0          0          0          0 
       671        673        736        695        677        663        777        711        699        693 
       794        792        785        750        834        801        795        875        799        767 
];
router05=[       710        616        593        630        586        595        609        608        614        638 
       819        804        878        826        816        835        885        819        868        800 
       741        710        738        733        716        689        789        677        712        649 
       841       1036       1133        920       1095       1010        922        900       1076        914 
       788        835        775        823        823        853        857        771        797        810 
];
router06=[       681        592        587        616        609        582        563        576        604        575 
       823        801        854        838        827        773        816        759        844        797 
       813        823        888        955        977        979        923        943        934        912 
       729        679        865        637        748        715        693        716        767        731 
       776        821        773        820        811        785        816        815        794        850 
];
router07=[       692        618        621        594        595        598        609        581        605        590 
       772        787        819        785        836        764        833        758        832        816 
       593        635        711        698        720        666        660        653        641        693 
         0          0          0          0          0          0          0          0          0          0 
       786        804        809        747        829        783        830        790        804        830 
];
router08=[       946        818        747        780        812        798        794        832        813        781 
       589        619        631        599        635        578        629        601        672        565 
         0          0          0          0          0          0          0          0          0          0 
       650        749        777        716        758        707        740        719        769        724 
       811        831        813        789        779        784        767        830        787        812 
];
router09=[      1047        915        826        853        866        827        821        859        796        815 
       596        600        621        583        645        636        678        622        662        617 
       645        664        752        764        746        770        713        840        719        745 
       905        900       1160       1143       1361        979       1124       1220       1048        946 
       771        799        792        815        776        869        840        795        830        826 
];
router10=[       951        846        774        827        836        802        769        793        795        802 
       613        604        599        608        608        602        600        599        597        623 
       809        880        919        857        909        851        906        848        893        932 
       694        688        812        715        847        861        743        811        732        766 
       773        828        855        777        798        790        737        830        830        816 
];
router11=[       989        851        758        760        827        766        790        762        815        790 
       611        604        608        613        625        589        599        579        629        587 
       615        669        756        706        644        674        786        672        694        714 
         0          0          0          0          0          0          0          0          0          0 
       820        802        776        818        808        823        786        862        846        740 
];
router12=[       714        650        602        657        635        635        646        719        651        690 
         0          0          0          0          0          0          0          0          0          0 
         0          0          0          0          0          0          0          0          0          0 
       828        771       1054        973        908        988        902       1191        952       1137 
       877        706        781        764        820        822        780        800        775        823 
];
router13=[       823        650        550        621        609        680        634        634        678        667 
         0          0          0          0          0          0          0          0          0          0 
       751        712        756        693        719        743        701        669        697        687 
      1065        966       1237       1220       1228       1178       1167       1013       1114        995 
       891        803        811        757        796        807        762        807        792        785 
];
