router00=[         0          0          0          0          0          0          0          0          0          0 
        44        112         50        113         47        119         52        111         46        110 
         0          0          0          0          0          0          0          0          0          0 
        80        102         63        122         51        106         58        128         59        110 
       117        127        109         90        110        128        109        107        103        106 
];
router01=[         0          0          0          0          0          0          0          0          0          0 
        72         98         61         87         65         81         66         90         72        106 
        62        129         61        114         67        109         71        110         64         97 
       107        140         93        138         97        152         97        133         96        129 
       111        121         95        121        110        114        101        113         98         96 
];
router02=[         0          0          0          0          0          0          0          0          0          0 
        78         81         76         86         78         96         78         74         78         90 
       107        135        104        137        110        128        110        114        111        126 
        80        103         77        100         65        109         67        114         65        113 
       105        106         96        109        119         97        100         99         96         99 
];
router03=[         0          0          0          0          0          0          0          0          0          0 
        57        101         78        106         70        119         59        108         63         97 
        73        115         63        117         64        110         70        111         71        112 
         0          0          0          0          0          0          0          0          0          0 
       119        105        121        114        100        102        119        113        104        132 
];
router04=[        60        106         56        107         51        115         59        110         56        113 
        97        125         90        130         93        110         88        134         88        126 
         0          0          0          0          0          0          0          0          0          0 
        89         95         71         97         68        106         75        107         90         97 
       144        101        135        122        105        110        124         81        110        115 
];
router05=[        26        140         25        131         24        131         26        129         25        131 
        85        132         81        138         66        133         74        141         69        132 
        63        123         59        134         57        117         51        146         62        134 
        78        173         82        156         89        141         79        145         85        141 
       100         90        108        112        100        120        115        118        112        110 
];
router06=[        29        117         37        129         36        113         32        112         38        118 
        90        141         90        136         77        139         86        137         82        119 
       100        154        118        143        110        152        111        139         93        126 
        69        106         64        106         55        107         73        105         56        101 
        98         92        122        110        137        111        109        116         81        111 
];
router07=[        46        136         44        133         52        128         50        117         48        112 
        71        168         63        163         70        150         63        139         70        140 
        63        108         77        120         71        125         83        113         70         91 
         0          0          0          0          0          0          0          0          0          0 
       122        104        120        100         96        103         98        106        121        110 
];
router08=[        73        164         68        155         67        158         72        149         61        151 
        58         95         65        106         61        103         68        102         70         87 
         0          0          0          0          0          0          0          0          0          0 
        71        114         44        108         74         98         60        111         72         91 
       116        105         95        110        116        105        106        114        110         92 
];
router09=[        72        147         67        139         68        139         68        141         67        135 
        69         87         75         84         71         85         72         88         71         85 
        69        112         69        105         75        120         81        105         72        104 
        88        145         85        142         94        145         86        136         91        141 
       121        122        104        108         97        105        110        117        102         98 
];
router10=[        79        142         73        134         76        138         68        139         65        140 
        58        120         48        122         42        112         52        119         48        118 
        99        120        107        132        103        135        122        130        117        123 
        55        121         55        113         56        117         48        129         51        117 
       105        130         90        108        112         89        103        122         97         98 
];
router11=[        94        152         81        140         92        128         86        129         95        134 
        55        122         51        114         50        115         54        116         48        117 
        82        100         74         91         82         94         78         95         70         91 
         0          0          0          0          0          0          0          0          0          0 
       128        126        130        105         95        109        111        106        107        104 
];
router12=[        75         99         67        101         67        100         62         88         69         89 
         0          0          0          0          0          0          0          0          0          0 
         0          0          0          0          0          0          0          0          0          0 
        87        106         75         83         90        107         79         91         85        100 
       100         97        103        117        100        108        118        116        113        132 
];
router13=[        56        130         59        106         57         98         52         94         48         95 
         0          0          0          0          0          0          0          0          0          0 
        81        106         83         91         86         86         73         88         78        110 
        90        138        101        118        105        133         99        127        109        133 
       124        101         90        104        115         84        124        103        125        106 
];
