router00=[         0          0          0          0          0          0          0          0          0          0 
       241        279        240        267        229        269        230        256        262        253 
         0          0          0          0          0          0          0          0          0          0 
       252        265        245        273        259        264        249        285        264        265 
       346        322        289        319        340        354        345        340        311        323 
];
router01=[         0          0          0          0          0          0          0          0          0          0 
       230        266        231        258        220        239        228        244        225        287 
       262        280        259        268        275        293        263        270        280        267 
       323        385        342        365        334        350        335        346        333        357 
       367        321        304        344        311        331        351        331        309        332 
];
router02=[         0          0          0          0          0          0          0          0          0          0 
       228        237        232        259        249        279        253        275        237        274 
       331        395        351        399        344        359        327        365        324        375 
       269        266        276        258        284        257        289        253        268        261 
       362        368        333        353        326        346        350        361        309        303 
];
router03=[         0          0          0          0          0          0          0          0          0          0 
       228        285        221        274        226        269        210        277        209        259 
       276        279        284        281        271        279        279        306        281        267 
         0          0          0          0          0          0          0          0          0          0 
       307        339        360        325        354        289        331        333        316        328 
];
router04=[       258        254        261        255        241        236        246        245        243        251 
       290        358        330        353        293        361        274        345        291        329 
         0          0          0          0          0          0          0          0          0          0 
       255        302        265        266        265        281        277        287        254        283 
       361        322        303        331        328        312        339        346        346        292 
];
router05=[       270        229        261        217        270        248        268        234        269        210 
       346        336        330        312        324        328        331        335        332        318 
       276        262        270        251        261        245        252        277        214        251 
       355        372        395        361        375        326        382        332        370        333 
       332        354        314        319        313        346        318        367        314        315 
];
router06=[       248        271        252        270        241        273        230        259        247        270 
       319        335        327        342        334        327        301        315        300        319 
       334        325        343        329        348        347        340        371        349        359 
       241        305        259        324        256        301        244        295        234        305 
       334        335        335        329        355        343        315        332        302        336 
];
router07=[       239        260        236        266        234        254        227        256        235        251 
       339        339        340        333        331        311        317        362        316        319 
       265        277        248        261        254        267        262        247        247        276 
         0          0          0          0          0          0          0          0          0          0 
       334        368        339        344        336        337        329        315        348        326 
];
router08=[       317        345        310        347        326        364        321        336        322        358 
       218        267        233        265        230        253        236        252        220        259 
         0          0          0          0          0          0          0          0          0          0 
       272        238        258        264        291        264        252        278        255        262 
       306        349        321        344        318        307        338        335        360        336 
];
router09=[       308        371        304        377        297        368        311        353        288        325 
       251        253        246        240        240        251        224        252        238        260 
       255        275        240        274        254        285        279        288        272        286 
       348        351        382        337        344        357        357        360        363        334 
       317        298        320        327        307        343        316        329        330        317 
];
router10=[       322        361        298        346        305        348        307        368        305        363 
       231        242        222        261        233        256        239        241        227        242 
       336        371        359        374        347        364        344        340        345        370 
       268        242        276        245        274        275        266        239        283        259 
       342        361        355        333        328        323        313        319        340        341 
];
router11=[       327        357        303        347        285        357        309        377        317        339 
       268        253        265        227        261        242        280        231        253        233 
       243        274        262        283        269        258        274        261        258        272 
         0          0          0          0          0          0          0          0          0          0 
       323        333        311        336        301        323        312        347        331        313 
];
router12=[       260        257        262        252        263        242        258        233        242        269 
         0          0          0          0          0          0          0          0          0          0 
         0          0          0          0          0          0          0          0          0          0 
       258        273        272        294        271        282        317        301        260        263 
       317        306        296        374        306        342        334        343        330        322 
];
router13=[       213        269        239        248        243        258        238        249        240        253 
         0          0          0          0          0          0          0          0          0          0 
       271        271        267        269        263        285        263        274        273        275 
       334        398        352        372        320        391        343        377        362        402 
       343        339        343        340        348        303        329        317        316        337 
];
