router00=[         0          0          0          0          0          0          0          0          0          0 
       570        589        594        583        550        610        539        593        576        532 
         0          0          0          0          0          0          0          0          0          0 
       596        576        618        605        653        586        651        579        648        616 
       713        724        688        729        691        767        710        751        804        685 
];
router01=[         0          0          0          0          0          0          0          0          0          0 
       538        575        540        535        545        545        541        529        540        570 
       610        657        615        616        658        603        661        629        639        562 
       749        807        839        800        863        852        831        796        866        802 
       683        738        664        736        731        738        727        699        765        708 
];
router02=[         0          0          0          0          0          0          0          0          0          0 
       510        538        563        519        571        524        570        555        584        553 
       741        755        796        816        826        856        845        790        820        748 
       570        594        633        583        635        590        591        584        638        590 
       687        689        796        738        689        732        708        731        722        686 
];
router03=[         0          0          0          0          0          0          0          0          0          0 
       511        517        534        538        579        535        541        559        582        546 
       628        596        661        562        597        605        611        558        650        578 
         0          0          0          0          0          0          0          0          0          0 
       726        700        717        669        663        750        713        734        766        719 
];
router04=[       597        544        546        555        539        532        536        535        550        541 
       692        746        772        761        761        760        748        733        743        776 
         0          0          0          0          0          0          0          0          0          0 
       595        599        677        608        638        636        592        586        616        593 
       716        742        756        700        765        713        710        755        751        687 
];
router05=[       601        541        498        525        533        520        537        531        550        523 
       695        745        727        722        727        716        740        728        712        695 
       604        691        649        588        627        582        633        650        633        599 
       755        785        854        800        837        829        801        822        789        740 
       772        776        737        726        723        731        733        749        731        725 
];
router06=[       605        549        516        549        539        550        529        535        554        555 
       758        736        776        724        747        698        759        736        734        711 
       760        763        820        812        796        791        817        809        801        790 
       579        619        643        618        587        583        647        610        637        590 
       714        719        746        736        746        677        704        769        709        734 
];
router07=[       550        555        535        540        529        539        519        552        507        562 
       732        708        764        746        716        711        803        685        740        735 
       601        560        591        563        610        564        590        562        580        591 
         0          0          0          0          0          0          0          0          0          0 
       709        728        696        709        714        707        719        698        711        743 
];
router08=[       822        734        710        702        709        753        727        689        705        755 
       562        528        584        540        592        549        562        539        572        544 
         0          0          0          0          0          0          0          0          0          0 
       540        610        607        606        614        607        609        626        623        586 
       726        752        745        722        755        742        789        692        763        701 
];
router09=[       900        709        693        704        763        714        758        684        717        755 
       494        562        520        572        529        544        519        548        538        555 
       587        617        607        601        613        595        585        613        597        607 
       740        802        855        790        855        837        786        820        877        776 
       692        759        733        760        721        705        755        754        728        746 
];
router10=[       827        761        669        721        702        725        729        726        754        717 
       560        534        554        548        564        517        553        522        562        530 
       753        790        830        812        810        829        866        800        811        808 
       588        603        683        665        616        660        604        606        639        568 
       700        714        714        694        751        802        756        728        773        723 
];
router11=[       803        773        682        712        681        734        691        704        681        729 
       550        569        573        571        555        590        562        560        555        580 
       611        587        641        608        643        644        653        667        604        610 
         0          0          0          0          0          0          0          0          0          0 
       764        694        678        689        728        727        683        731        711        752 
];
router12=[       605        596        501        551        537        542        529        570        531        550 
         0          0          0          0          0          0          0          0          0          0 
         0          0          0          0          0          0          0          0          0          0 
       569        589        665        588        548        645        577        600        568        594 
       731        703        728        732        782        751        797        716        737        752 
];
router13=[       704        543        518        561        556        540        552        530        544        541 
         0          0          0          0          0          0          0          0          0          0 
       582        583        684        664        634        605        652        616        608        581 
       745        831        851        846        863        820        830        768        865        802 
       737        721        632        741        714        708        694        708        779        720 
];
