router00=[         0          0          0          0          0          0          0          0          0          0 
       506        507        503        511        494        492        504        495        513        500 
         0          0          0          0          0          0          0          0          0          0 
       495        528        552        519        555        545        521        499        538        535 
       703        676        660        657        652        665        622        651        684        645 
];
router01=[         0          0          0          0          0          0          0          0          0          0 
       484        517        492        497        519        461        506        492        492        467 
       522        521        554        576        532        544        546        544        536        542 
       706        691        720        723        734        722        736        719        711        703 
       715        650        662        645        606        603        645        645        659        649 
];
router02=[         0          0          0          0          0          0          0          0          0          0 
       488        499        513        523        493        485        534        512        510        498 
       657        698        749        728        752        701        737        694        754        680 
       536        551        617        539        524        545        552        540        540        525 
       655        637        701        607        655        661        678        672        674        695 
];
router03=[         0          0          0          0          0          0          0          0          0          0 
       485        480        498        503        525        494        506        479        503        482 
       574        521        578        527        607        553        604        553        563        548 
         0          0          0          0          0          0          0          0          0          0 
       676        666        689        657        659        686        652        668        649        703 
];
router04=[       536        509        501        490        486        506        508        501        488        500 
       644        682        654        683        671        665        671        704        688        686 
         0          0          0          0          0          0          0          0          0          0 
       512        539        555        552        571        549        522        564        536        552 
       617        681        674        657        662        659        659        658        609        671 
];
router05=[       548        477        464        475        493        477        489        482        498        474 
       642        639        678        644        707        640        669        633        675        645 
       540        551        560        521        572        553        578        537        558        531 
       696        736        773        725        730        793        749        701        725        699 
       631        678        649        635        652        620        654        629        629        657 
];
router06=[       516        518        473        485        478        484        492        473        520        502 
       605        687        675        691        668        704        655        655        624        669 
       699        669        743        686        772        747        709        654        695        719 
       584        532        590        542        587        579        570        576        534        529 
       705        639        667        676        670        646        636        654        714        652 
];
router07=[       543        509        492        512        510        513        489        499        503        502 
       648        668        698        663        659        625        658        656        655        665 
       503        507        534        541        519        536        547        501        538        524 
         0          0          0          0          0          0          0          0          0          0 
       648        681        688        679        643        676        653        677        712        604 
];
router08=[       752        652        649        658        667        624        659        636        651        657 
       516        525        499        472        498        490        523        508        499        505 
         0          0          0          0          0          0          0          0          0          0 
       520        549        563        513        557        547        534        545        509        529 
       671        660        623        652        650        703        673        666        682        627 
];
router09=[       744        653        640        631        613        639        650        650        666        612 
       506        495        521        476        489        483        457        511        474        504 
       496        543        571        538        592        577        548        589        576        522 
       657        722        719        718        717        750        718        741        713        788 
       682        641        672        650        633        624        682        711        655        663 
];
router10=[       730        692        622        670        666        671        617        665        642        662 
       459        527        475        544        479        530        475        530        479        521 
       683        699        721        692        708        691        712        703        719        686 
       503        513        536        535        536        566        570        542        505        556 
       674        695        638        695        636        652        643        634        681        654 
];
router11=[       761        689        654        645        650        653        668        643        688        646 
       475        509        476        503        474        510        487        497        506        527 
       522        527        540        552        519        530        525        541        542        524 
         0          0          0          0          0          0          0          0          0          0 
       687        697        662        655        667        682        690        675        643        652 
];
router12=[       503        541        469        498        466        529        509        474        458        503 
         0          0          0          0          0          0          0          0          0          0 
         0          0          0          0          0          0          0          0          0          0 
       546        544        500        546        552        574        521        544        530        512 
       719        692        671        697        633        664        649        616        653        679 
];
router13=[       552        495        489        479        501        475        518        496        530        492 
         0          0          0          0          0          0          0          0          0          0 
       518        529        547        595        546        579        535        564        565        548 
       697        734        787        744        752        692        750        815        894        688 
       634        701        685        670        618        646        619        669        649        684 
];
