router00=[         0          0          0          0          0          0          0          0          0          0 
       608        632        660        605        643        598        641        649        704        597 
         0          0          0          0          0          0          0          0          0          0 
       621        651        706        706        714        682        740        696        751        658 
       819        811        833        844        793        786        870        798        798        805 
];
router01=[         0          0          0          0          0          0          0          0          0          0 
       590        598        678        676        752        640        682        629        744        726 
       779        784        848        883        800        750        942        774        880        843 
       887        872       1044       1051       1109        927       1083       1008       1079       1073 
       771        839        769        860        828        784        840        812        787        831 
];
router02=[         0          0          0          0          0          0          0          0          0          0 
       650        626        707        686        690        681        677        634        679        583 
       870        863       1040        935       1082       1008       1070        969        996        914 
       678        757        751        778        747        759        694        867        867        712 
       775        821        851        788        795        917        797        794        861        843 
];
router03=[         0          0          0          0          0          0          0          0          0          0 
       634        624        654        645        657        646        645        663        637        649 
       831        765        934        995        972       1111       1020       1024       1028        929 
         0          0          0          0          0          0          0          0          0          0 
       783        824        830        831        788        779        796        835        815        801 
];
router04=[       723        626        594        591        628        661        644        602        607        657 
       828        838        919        843        894        852        857        837        957        838 
         0          0          0          0          0          0          0          0          0          0 
       705        694        880        842        740        773        772        800        869        662 
       783        869        858        830        837        780        758        860        779        824 
];
router05=[       779        635        584        599        609        595        596        629        590        638 
       775        935        825        858        875        910        814        894        901        845 
       703        763        908        954        766        851        843        782        820        732 
      1096       1055       1233       1142       1259       1186       1254       1066       1271       1074 
       825        824        866        787        845        829        827        822        844        839 
];
router06=[       709        664        625        628        661        591        630        639        641        661 
       794        830        868        961        885        865        859        887        845        881 
       879       1018       1111        976       1138        933       1052       1099       1039        942 
       993        842        866        831        822        777        826        837        755        768 
       872        844        810        841        846        938        863        810        848        826 
];
router07=[       679        615        605        598        618        609        621        608        611        604 
       865        783        854        796        848        827        891        804        857        802 
       690        769        917        747        825        834        949        840        898        923 
         0          0          0          0          0          0          0          0          0          0 
       801        854        854        768        870        817        855        776        815        820 
];
router08=[      1037        810        817        773        841        782        795        795        823        783 
       633        668        641        616        640        673        627        663        623        660 
         0          0          0          0          0          0          0          0          0          0 
       751        766        898        751        872        855        790        759        822        952 
       806        883        775        834        853        835        772        830        770        821 
];
router09=[      1052        868        779        856        830        796        938        806        817        810 
       630        594        647        608        612        637        634        613        634        610 
       710        829        757        734        849        721        723        668        761        728 
       846        860       1052       1113       1057        933       1123        975       1153       1052 
       783        823        772        765        810        820        822        771        819        832 
];
router10=[       978        919        780        829        835        881        891        827        849        855 
       626        653        675        632        653        661        640        591        643        618 
       831        845       1029        997       1099       1002       1087        916        935        902 
       669        712        824        919       1036        696        860        763        744        892 
       843        861        780        866        803        910        796        835        780        799 
];
router11=[       951        894        748        797        759        802        815        783        818        800 
       616        615        606        652        614        630        624        632        642        650 
       725        644        760        703        784        758        716        723        718        747 
         0          0          0          0          0          0          0          0          0          0 
       757        775        810        785        817        789        838        764        783        838 
];
router12=[       739        675        609        659        616        577        623        636        655        610 
         0          0          0          0          0          0          0          0          0          0 
         0          0          0          0          0          0          0          0          0          0 
       729        746        900        856        858        915       1025        995        931        939 
       835        865        775        869        801        817        813        875        839        803 
];
router13=[       879        719        654        612        700        606        753        696        713        680 
         0          0          0          0          0          0          0          0          0          0 
       693        734        816        895        859        871        844        777        749        714 
       957       1093       1378       1387       1538       1227       1379       1509       1606       1341 
       816        816        764        824        781        798        753        872        835        812 
];
