router00=[         0          0          0          0          0          0          0          0          0          0 
       593        628        689        646        641        683        651        621        665        662 
         0          0          0          0          0          0          0          0          0          0 
       811        857       1002        845        896        728        933        887        915        987 
       818        774        796        803        782        815        759        820        768        813 
];
router01=[         0          0          0          0          0          0          0          0          0          0 
       662        625        660        647        617        625        768        658        663        666 
       778        763        897        809        899        879        806        927        768        727 
       965        996       1091        962       1063       1103       1121       1062       1099       1104 
       781        868        871        816        796        800        799        799        886        813 
];
router02=[         0          0          0          0          0          0          0          0          0          0 
       599        631        727        692        740        666        677        628        669        642 
       851        927        964        908        912        938        986       1019        949        895 
       745        684        772        733        851        741        789        738        829        729 
       817        845        799        764        791        808        807        853        771        823 
];
router03=[         0          0          0          0          0          0          0          0          0          0 
       608        687        700        625        641        633        625        616        644        639 
       657        699        888        754        877        903       1023        848        809        853 
         0          0          0          0          0          0          0          0          0          0 
       787        806        773        860        844        815        773        847        784        755 
];
router04=[       695        594        611        582        619        580        584        600        582        605 
       770        807        861        818        868        778        877        865        806        841 
         0          0          0          0          0          0          0          0          0          0 
       718        659        825        690        736        725        733        746        775        845 
       805        841        787        777        807        794        827        795        835        854 
];
router05=[       735        683        585        605        612        625        663        650        633        603 
       833        847        804        819        879        762        840        821        839        790 
       706        730        848        834        756        731        800        677        820        858 
       914        895       1154       1061       1101       1114       1145       1156       1145        906 
       808        771        783        812        845        831        801        836        797        790 
];
router06=[       724        594        588        571        644        599        607        625        630        644 
       823        812        865        866        857        882        851        824        892        837 
       940        880       1041        970        991        904       1004       1008       1078       1015 
       780        777        892        763        915        711        748        730        759        843 
       806        846        794        824        769        814        803        833        886        865 
];
router07=[       689        628        573        608        590        590        601        574        623        598 
       816        819        856        840        861        829        858        824        876        836 
       659        683        685        782        768        733        753        681        731        679 
         0          0          0          0          0          0          0          0          0          0 
       826        859        755        841        805        813        769        815        829        817 
];
router08=[       973        884        743        833        816        833        810        837        863        775 
       651        613        615        641        622        676        614        658        591        618 
         0          0          0          0          0          0          0          0          0          0 
       751        686        874        700        913        853        779        813        765        692 
       823        848        817        833        795        882        817        837        790        808 
];
router09=[      1064        931        870        773        831        829        834        814        933        788 
       599        593        580        604        614        635        626        607        621        666 
       776        752        746        806        772        764        728        826        818        743 
       972        993       1117       1084       1135       1191       1138       1168       1119       1141 
       817        865        825        843        830        801        801        826        751        836 
];
router10=[      1045        906        770        840        834        795        881        835        799        856 
       583        641        647        680        665        622        696        656        651        623 
       822        890       1016       1144       1135       1087        977        925        949       1091 
       749        849        781        838        835        741        730        767        789        857 
       839        803        799        797        822        834        837        751        822        858 
];
router11=[       967        808        738        757        793        798        802        784        835        809 
       625        628        640        606        649        599        616        650        658        640 
       790        786        946       1013        939        861        870        851        811        762 
         0          0          0          0          0          0          0          0          0          0 
       866        750        831        840        832        787        816        851        815        763 
];
router12=[       702        604        576        577        626        624        639        572        621        628 
         0          0          0          0          0          0          0          0          0          0 
         0          0          0          0          0          0          0          0          0          0 
       701        817        790        848        784        670        819        761        775        751 
       774        862        812        761        790        768        792        822        830        813 
];
router13=[       770        722        641        636        696        600        655        674        652        665 
         0          0          0          0          0          0          0          0          0          0 
       762        770        678        722        729        696        700        691        756        696 
       831       1108       1067       1000       1087       1070        994        992       1167       1071 
       819        828        796        810        775        785        803        765        780        789 
];
