router00=[         0          0          0          0          0          0          0          0          0          0 
       578        597        653        665        663        704        645        697        630        653 
         0          0          0          0          0          0          0          0          0          0 
       613        614        617        597        650        633        672        686        645        671 
       832        798        716        828        822        821        758        788        877        790 
];
router01=[         0          0          0          0          0          0          0          0          0          0 
       620        628        681        654        674        661        633        566        611        665 
       694        761        771        818        863        838        731        895        773        843 
       892       1063       1225       1018       1139       1047       1029       1012       1131       1041 
       868        787        790        756        824        808        740        784        764        821 
];
router02=[         0          0          0          0          0          0          0          0          0          0 
       596        652        650        650        647        646        630        613        631        611 
       865        824       1026        998       1024        924       1026        923       1011        875 
       641        709        721        823        705        681        685        653        879        703 
       813        771        757        754        812        802        732        746        727        771 
];
router03=[         0          0          0          0          0          0          0          0          0          0 
       561        632        601        579        638        623        592        618        640        597 
       653        689        772        739        848        846        884        891        969        721 
         0          0          0          0          0          0          0          0          0          0 
       785        868        793        778        807        768        792        822        755        837 
];
router04=[       712        588        611        569        603        563        608        550        626        569 
       790        795        815        809        798        781        786        775        819        777 
         0          0          0          0          0          0          0          0          0          0 
       657        659        676        638        647        684        676        695        753        648 
       825        815        781        787        758        833        768        791        789        812 
];
router05=[       666        600        550        577        600        601        591        546        617        561 
       763        768        798        817        769        785        815        734        834        794 
       692        647        736        752        737        684        758        692        712        755 
       822        887        961        883        874       1015        887        867        883        881 
       813        826        773        817        825        781        803        803        767        791 
];
router06=[       663        560        567        571        574        572        587        559        588        576 
       815        781        868        779        805        751        815        780        830        810 
       777        876        962        891        936        881        958        998        954        939 
       678        664        767        699        663        676        668        646        662        669 
       771        806        799        777        783        774        796        787        787        750 
];
router07=[       674        617        591        580        603        590        618        582        623        585 
       783        756        897        787        787        774        835        756        806        812 
       636        681        676        681        645        673        666        654        635        718 
         0          0          0          0          0          0          0          0          0          0 
       781        714        744        749        763        803        792        819        882        792 
];
router08=[       916        857        800        744        838        769        844        767        783        778 
       554        601        614        579        638        622        545        603        589        569 
         0          0          0          0          0          0          0          0          0          0 
       677        710        834        782        735        739        902        718        863        835 
       821        752        762        757        816        787        810        781        798        808 
];
router09=[       945        819        806        778        784        715        797        765        813        762 
       559        604        584        560        622        580        577        573        622        598 
       609        663        701        720        722        712        701        725        744        703 
       817        890       1174        961        884        990       1018        908        943        981 
       751        778        787        779        798        783        754        757        863        784 
];
router10=[       996        804        752        711        832        767        835        793        816        814 
       584        613        626        602        590        630        622        604        618        640 
       848        900       1044       1004        891        889        897        841        926        919 
       698        714        694        692        750        742        753        726        888        729 
       735        789        891        818        750        824        746        751        791        750 
];
router11=[       965        857        749        760        818        800        819        781        774        811 
       576        619        591        621        618        603        596        602        590        660 
       647        687        789        742        684        653        787        701        696        676 
         0          0          0          0          0          0          0          0          0          0 
       781        802        748        801        814        775        841        769        815        806 
];
router12=[       714        604        593        569        675        615        607        650        561        586 
         0          0          0          0          0          0          0          0          0          0 
         0          0          0          0          0          0          0          0          0          0 
       714        803        827       1069        791        845        798        882        812        803 
       767        729        761        825        801        733        722        784        770        775 
];
router13=[       709        632        599        587        628        601        625        612        624        570 
         0          0          0          0          0          0          0          0          0          0 
       645        644        675        683        708        661        695        680        668        679 
       951        888       1194       1082       1040       1078       1095       1017       1144       1073 
       752        784        780        781        753        739        754        761        793        778 
];
