router00=[         0          0          0          0          0          0          0          0          0          0          0          0 
      1472       1665       1379       1436       1348       1378       1593       1546       1366       1022       1565       1610 
         0          0          0          0          0          0          0          0          0          0          0          0 
      3981       3944       3699       3969       4084       3982       4091       4002       3939       4069       3978       3805 
         0          0          0          0          0          0          0          0          0          0          0          0 
];
router01=[         0          0          0          0          0          0          0          0          0          0          0          0 
      1620       2148       2102       2213       1905       2110       2285       2350       1793       2153       2210       2201 
         0          0          0          0          0          0          0          0          0          0          0          0 
     14422      13301      13289      13116      14356      14467      13843      14419      14000      13316      13292      12968 
      4490       9803       9882       2847       4915       6145       3209       6669       5593       6442       8755       6169 
];
router02=[         0          0          0          0          0          0          0          0          0          0          0          0 
      1619       1451       1697       2027       1571       1608       1287       1642       1655       1567       1796       1429 
         0          0          0          0          0          0          0          0          0          0          0          0 
      2647       2541       2029       2810       2554       2609       2491       2689       2311       2243       2630       2646 
       690        519        414        690       1391       2711        736        564       1173        958        431       2227 
];
router03=[         0          0          0          0          0          0          0          0          0          0          0          0 
       303        281        315        227        287        230        237        262        342        229        266        303 
         0          0          0          0          0          0          0          0          0          0          0          0 
         0          0          0          0          0          0          0          0          0          0          0          0 
       106        121        104         57         88         83         85         75        100         75         68         72 
];
router04=[         0          0          0          0          0          0          0          0          0          0          0          0 
       131        178        134        176        130        177        128        167        130        162        133        156 
         0          0          0          0          0          0          0          0          0          0          0          0 
         0          0          0          0          0          0          0          0          0          0          0          0 
        99         74         64         82         76         71         80         62         52         73         82         71 
];
router05=[         0          0          0          0          0          0          0          0          0          0          0          0 
       114        186        114        185        115        184        115        180        116        173        116        167 
         0          0          0          0          0          0          0          0          0          0          0          0 
         0          0          0          0          0          0          0          0          0          0          0          0 
        75         75         67         73         79         71         81         83         59         77         75         77 
];
router06=[         0          0          0          0          0          0          0          0          0          0          0          0 
       308        180        133        173        129        192        128        172        136        196        126        164 
         0          0          0          0          0          0          0          0          0          0          0          0 
         0          0          0          0          0          0          0          0          0          0          0          0 
        61         76         68        116         83         67         65         91         72        104         76         61 
];
router07=[         0          0          0          0          0          0          0          0          0          0          0          0 
       137        172        140        167        141        172        139        168        138        156        136        150 
         0          0          0          0          0          0          0          0          0          0          0          0 
         0          0          0          0          0          0          0          0          0          0          0          0 
        80         68         78         75         78         80         85         80         59         61         86         67 
];
router08=[         0          0          0          0          0          0          0          0          0          0          0          0 
        55         99         54         98         52         96         54         90         59         90         57         89 
         0          0          0          0          0          0          0          0          0          0          0          0 
         0          0          0          0          0          0          0          0          0          0          0          0 
        81         76         89         91         74         82         78         63         61         72         69         74 
];
router09=[         0          0          0          0          0          0          0          0          0          0          0          0 
        40        103         41        100         41         99         41         99         40         97         39         94 
         0          0          0          0          0          0          0          0          0          0          0          0 
         0          0          0          0          0          0          0          0          0          0          0          0 
        82         76         83         71         82         69         80         82         76         79         65         84 
];
router10=[         0          0          0          0          0          0          0          0          0          0          0          0 
        39        117         39        117         39        116         38        109         39        109         39        107 
         0          0          0          0          0          0          0          0          0          0          0          0 
         0          0          0          0          0          0          0          0          0          0          0          0 
        81         82         71         66         68         74         75         64         62         76         89         87 
];
