router00=[         0          0          0          0          0          0          0          0          0          0          0          0 
      1430       1664       1631       1495       1601       1606       1261       1272       1286       1395       1209       1317 
         0          0          0          0          0          0          0          0          0          0          0          0 
      3721       4034       3628       3849       3684       3764       4223       4201       3980       3727       4067       4028 
         0          0          0          0          0          0          0          0          0          0          0          0 
];
router01=[         0          0          0          0          0          0          0          0          0          0          0          0 
      1879       1894       1702       1699       1695       1939       1644       1773       2089       1828       2208       1843 
         0          0          0          0          0          0          0          0          0          0          0          0 
     12712      12991      12469      12638      12518      12584      11090      12085      11740      12589      12649      12452 
      6728       2391       8922       6820       7234       9673       4122       3478       8086       5266       2585       3597 
];
router02=[         0          0          0          0          0          0          0          0          0          0          0          0 
      1262       1229       1533        950       1419       1715       1347       1432       1490       1464       1398       1458 
         0          0          0          0          0          0          0          0          0          0          0          0 
      2565       2406       2312       2539       2196       2295       2831       3129       2655       2642       2827       2290 
      1827       1953        687        919        889       1555        679       1721        611        684        974       1140 
];
router03=[         0          0          0          0          0          0          0          0          0          0          0          0 
       295        399        262        342        292        330        265        356        231        269        231        321 
         0          0          0          0          0          0          0          0          0          0          0          0 
         0          0          0          0          0          0          0          0          0          0          0          0 
        92         83         73         65         85         86        137         78         85         71         71         72 
];
router04=[         0          0          0          0          0          0          0          0          0          0          0          0 
       141        158        147        156        147        148        147        148        141        145        141        144 
         0          0          0          0          0          0          0          0          0          0          0          0 
         0          0          0          0          0          0          0          0          0          0          0          0 
       101         72         56         89         77         68         76         64         50         72         79         71 
];
router05=[         0          0          0          0          0          0          0          0          0          0          0          0 
       109        184        114        179        116        179        115        176        110        172        109        167 
         0          0          0          0          0          0          0          0          0          0          0          0 
         0          0          0          0          0          0          0          0          0          0          0          0 
        69         81         70         72         77         70         74         79         65         83         70         74 
];
router06=[         0          0          0          0          0          0          0          0          0          0          0          0 
       124        177        129        169        134        164        129        162        124        155        124        158 
         0          0          0          0          0          0          0          0          0          0          0          0 
         0          0          0          0          0          0          0          0          0          0          0          0 
        61         83         69         84         79         67         65         85         72         80         75         59 
];
router07=[         0          0          0          0          0          0          0          0          0          0          0          0 
       130        178        135        176        133        167        133        177        132        186        131        188 
         0          0          0          0          0          0          0          0          0          0          0          0 
         0          0          0          0          0          0          0          0          0          0          0          0 
        77        100         79         69         75         83         82         67         61         64         81         67 
];
router08=[         0          0          0          0          0          0          0          0          0          0          0          0 
        53         98         53         98         53         94         51         95         52         90         53         90 
         0          0          0          0          0          0          0          0          0          0          0          0 
         0          0          0          0          0          0          0          0          0          0          0          0 
        78         75         86         85         66         77         79         58         61         75         69         74 
];
router09=[         0          0          0          0          0          0          0          0          0          0          0          0 
        47         91         48         91         47         92         46         89         45         87         45         84 
         0          0          0          0          0          0          0          0          0          0          0          0 
         0          0          0          0          0          0          0          0          0          0          0          0 
        79         74         80         69         80         73         80         82         76         75         63         87 
];
router10=[         0          0          0          0          0          0          0          0          0          0          0          0 
        44        111         43        108         44        104         44        103         45        102         43        101 
         0          0          0          0          0          0          0          0          0          0          0          0 
         0          0          0          0          0          0          0          0          0          0          0          0 
        65         75         65         61         68         71         75         65         66         77         85         84 
];
