router00=[         0          0          0          0          0          0          0          0          0          0          0          0 
       908       1035        756        810        866        821       1019        945        842        868        745        933 
         0          0          0          0          0          0          0          0          0          0          0          0 
      2634       2400       2552       2653       2385       2603       2553       2532       2518       2639       2363       2431 
         0          0          0          0          0          0          0          0          0          0          0          0 
];
router01=[         0          0          0          0          0          0          0          0          0          0          0          0 
      1150       1219       1002       1369       1153       1189       1046       1429       1087       1129       1049       1165 
         0          0          0          0          0          0          0          0          0          0          0          0 
      6476       6570       6359       6240       6671       6987       6550       6834       6369       6475       6755       7382 
      2118       4035       2264       1650       5367        871       2420       2261       2110       2971       2388       2111 
];
router02=[         0          0          0          0          0          0          0          0          0          0          0          0 
       783        668        701        529        491        806        838        567        824        455        540        820 
         0          0          0          0          0          0          0          0          0          0          0          0 
      1228       1039       1140        840        835        945        938       1099       1242        980       1044       1262 
       231        396        178        202        282       1560        185        124        226       1462         66        181 
];
router03=[         0          0          0          0          0          0          0          0          0          0          0          0 
       223        227        214        240        219        221        228        205        216        216        215        214 
         0          0          0          0          0          0          0          0          0          0          0          0 
         0          0          0          0          0          0          0          0          0          0          0          0 
        79         85         73         60         82         80         90         75         70         66         66         65 
];
router04=[         0          0          0          0          0          0          0          0          0          0          0          0 
       148        149        153        143        154        135        154        132        149        132        149        129 
         0          0          0          0          0          0          0          0          0          0          0          0 
         0          0          0          0          0          0          0          0          0          0          0          0 
        92         73         55         78         79         67         69         64         44         72         81         69 
];
router05=[         0          0          0          0          0          0          0          0          0          0          0          0 
       108        181        110        175        114        172        109        174        109        168        111        163 
         0          0          0          0          0          0          0          0          0          0          0          0 
         0          0          0          0          0          0          0          0          0          0          0          0 
        74         76         72         68         76         69         69         75         68         74         67         71 
];
router06=[         0          0          0          0          0          0          0          0          0          0          0          0 
       121        164        124        164        124        160        124        157        123        152        125        149 
         0          0          0          0          0          0          0          0          0          0          0          0 
         0          0          0          0          0          0          0          0          0          0          0          0 
        51         75         66         82         75         64         67         81         79         78         72         59 
];
router07=[         0          0          0          0          0          0          0          0          0          0          0          0 
       123        174        121        171        125        162        127        156        129        155        127        154 
         0          0          0          0          0          0          0          0          0          0          0          0 
         0          0          0          0          0          0          0          0          0          0          0          0 
        81         64         74         71         74         80         86         70         58         60         79         65 
];
router08=[         0          0          0          0          0          0          0          0          0          0          0          0 
        44        103         45        101         45         98         45         99         46         94         49         92 
         0          0          0          0          0          0          0          0          0          0          0          0 
         0          0          0          0          0          0          0          0          0          0          0          0 
        79         68         76         89         61         79         77         57         60         74         73         75 
];
router09=[         0          0          0          0          0          0          0          0          0          0          0          0 
        53         86         54         83         55         82         54         78         53         77         54         76 
         0          0          0          0          0          0          0          0          0          0          0          0 
         0          0          0          0          0          0          0          0          0          0          0          0 
        75         70         72         73         84         68         76         90         77         64         56         83 
];
router10=[         0          0          0          0          0          0          0          0          0          0          0          0 
        52         95         52         90         53         87         54         87         54         86         53         86 
         0          0          0          0          0          0          0          0          0          0          0          0 
         0          0          0          0          0          0          0          0          0          0          0          0 
        63         71         62         62         64         71         69         71         61         73         81         88 
];
