router00=[         0          0          0          0          0          0          0          0          0          0          0          0 
       251        406        370        447        298        342        361        371        355        424        411        379 
         0          0          0          0          0          0          0          0          0          0          0          0 
      1163       1201       1179       1257       1162       1279       1220       1149       1135       1077       1104       1128 
         0          0          0          0          0          0          0          0          0          0          0          0 
];
router01=[         0          0          0          0          0          0          0          0          0          0          0          0 
       318        300        371        274        460        321        247        269        365        331        384        342 
         0          0          0          0          0          0          0          0          0          0          0          0 
      1378       1442       1400       1450       1316       1389       1620       1334       1413       1415       1346       1412 
       184        251        806        304        195        971        787        158         85        235         52        869 
];
router02=[         0          0          0          0          0          0          0          0          0          0          0          0 
       185        226        169        221        175        238        196        239        184        266        285        200 
         0          0          0          0          0          0          0          0          0          0          0          0 
       249        346        241        313        284        319        273        275        301        345        290        314 
        63         95         81         76         47        105         68         76         66        147         68         54 
];
router03=[         0          0          0          0          0          0          0          0          0          0          0          0 
       194        207        192        203        198        199        192        202        191        191        194        186 
         0          0          0          0          0          0          0          0          0          0          0          0 
         0          0          0          0          0          0          0          0          0          0          0          0 
        62         72         68         51         74         80         73         77         67         57         60         68 
];
router04=[         0          0          0          0          0          0          0          0          0          0          0          0 
       110        152        110        145        108        143        109        141        105        136        110        132 
         0          0          0          0          0          0          0          0          0          0          0          0 
         0          0          0          0          0          0          0          0          0          0          0          0 
        72         72         56         68         62         61         66         54         51         64         74         69 
];
router05=[         0          0          0          0          0          0          0          0          0          0          0          0 
        84        173         83        173         82        165         83        163         83        159         81        149 
         0          0          0          0          0          0          0          0          0          0          0          0 
         0          0          0          0          0          0          0          0          0          0          0          0 
        61         57         59         53         66         68         57         64         62         71         57         67 
];
router06=[         0          0          0          0          0          0          0          0          0          0          0          0 
       114        144        110        145        111        141        112        138        114        131        115        125 
         0          0          0          0          0          0          0          0          0          0          0          0 
         0          0          0          0          0          0          0          0          0          0          0          0 
        48         68         72         77         70         51         61         83         61         67         70         52 
];
router07=[         0          0          0          0          0          0          0          0          0          0          0          0 
       102        165        106        161        102        160        101        157        100        151        103        145 
         0          0          0          0          0          0          0          0          0          0          0          0 
         0          0          0          0          0          0          0          0          0          0          0          0 
        74         65         75         70         64         79         59         56         62         56         74         63 
];
router08=[         0          0          0          0          0          0          0          0          0          0          0          0 
        37         97         36         93         38         91         37         88         36         88         36         85 
         0          0          0          0          0          0          0          0          0          0          0          0 
         0          0          0          0          0          0          0          0          0          0          0          0 
        62         49         65         73         53         60         66         63         63         61         63         62 
];
router09=[         0          0          0          0          0          0          0          0          0          0          0          0 
        40         85         38         85         38         82         39         79         40         77         42         75 
         0          0          0          0          0          0          0          0          0          0          0          0 
         0          0          0          0          0          0          0          0          0          0          0          0 
        57         62         72         62         64         66         69         57         63         70         47         69 
];
router10=[         0          0          0          0          0          0          0          0          0          0          0          0 
        65         67         67         65         64         65         64         62         65         59         65         59 
         0          0          0          0          0          0          0          0          0          0          0          0 
         0          0          0          0          0          0          0          0          0          0          0          0 
        63         66         54         54         50         66         59         58         54         70         75         64 
];
