router00=[         0          0          0          0          0          0          0          0          0          0          0          0 
       832        716        670        786        833        480        819        751        828        677        738        704 
         0          0          0          0          0          0          0          0          0          0          0          0 
      1920       2067       1981       1966       2091       2091       1578       1962       1689       1864       1998       2058 
         0          0          0          0          0          0          0          0          0          0          0          0 
];
router01=[         0          0          0          0          0          0          0          0          0          0          0          0 
       721        955        686        656        558        637        660        708        579        932        729        724 
         0          0          0          0          0          0          0          0          0          0          0          0 
      3657       3995       3979       3998       3818       3332       3830       3579       3876       4167       4555       4638 
       389       1529       2225       1747        323        797       1395       1031       2489        695        828       1044 
];
router02=[         0          0          0          0          0          0          0          0          0          0          0          0 
       353        491        285        298        218        282        325        284        413        420        347        362 
         0          0          0          0          0          0          0          0          0          0          0          0 
       562        463        695        586        600        497        416        565        644        635        496        624 
       106        147        469         64        206        182        172         84        208         64         91         73 
];
router03=[         0          0          0          0          0          0          0          0          0          0          0          0 
       203        221        207        213        207        207        206        207        203        209        204        206 
         0          0          0          0          0          0          0          0          0          0          0          0 
         0          0          0          0          0          0          0          0          0          0          0          0 
        70         78         83         53         77         73         78         75         73         69         64         68 
];
router04=[         0          0          0          0          0          0          0          0          0          0          0          0 
       110        176        108        171        109        165        112        159        112        156        112        155 
         0          0          0          0          0          0          0          0          0          0          0          0 
         0          0          0          0          0          0          0          0          0          0          0          0 
        80         69         61         77         71         66         63         54         54         70         83         67 
];
router05=[         0          0          0          0          0          0          0          0          0          0          0          0 
       122        149        124        145        125        144        126        136        126        133        124        129 
         0          0          0          0          0          0          0          0          0          0          0          0 
         0          0          0          0          0          0          0          0          0          0          0          0 
        63         66         68         58         65         74         67         61         66         73         63         70 
];
router06=[         0          0          0          0          0          0          0          0          0          0          0          0 
       111        169        109        167        107        156        112        154        112        148        112        147 
         0          0          0          0          0          0          0          0          0          0          0          0 
         0          0          0          0          0          0          0          0          0          0          0          0 
        52         66         71         78         75         60         66         83         71         79         67         55 
];
router07=[         0          0          0          0          0          0          0          0          0          0          0          0 
       124        161        128        153        129        149        124        149        122        150        124        142 
         0          0          0          0          0          0          0          0          0          0          0          0 
         0          0          0          0          0          0          0          0          0          0          0          0 
        78         66         74         66         69         82         76         63         63         62         79         60 
];
router08=[         0          0          0          0          0          0          0          0          0          0          0          0 
        41        101         44         99         42         98         42         96         42         95         40         94 
         0          0          0          0          0          0          0          0          0          0          0          0 
         0          0          0          0          0          0          0          0          0          0          0          0 
        71         67         77         77         57         61         72         57         65         72         67         68 
];
router09=[         0          0          0          0          0          0          0          0          0          0          0          0 
        40         92         40         91         39         86         41         85         40         82         41         80 
         0          0          0          0          0          0          0          0          0          0          0          0 
         0          0          0          0          0          0          0          0          0          0          0          0 
        68         68         69         64         70         64         77         75         72         64         55         83 
];
router10=[         0          0          0          0          0          0          0          0          0          0          0          0 
        31        106         32        105         32        102         31        100         30        100         30         96 
         0          0          0          0          0          0          0          0          0          0          0          0 
         0          0          0          0          0          0          0          0          0          0          0          0 
        65         72         62         55         55         70         63         65         61         73         82         86 
];
