router00=[         0          0          0          0          0          0          0          0          0          0          0          0 
       124        157        130        152        128        148        127        144        125        139        128        137 
         0          0          0          0          0          0          0          0          0          0          0          0 
       548        547        572        550        570        558        557        536        555        536        548        528 
         0          0          0          0          0          0          0          0          0          0          0          0 
];
router01=[         0          0          0          0          0          0          0          0          0          0          0          0 
       119        158        124        153        118        154        116        148        123        144        121        141 
         0          0          0          0          0          0          0          0          0          0          0          0 
       356        390        360        387        344        391        345        377        352        362        354        360 
        47         44         55         53         54         46         47         60         53         53         39         56 
];
router02=[         0          0          0          0          0          0          0          0          0          0          0          0 
       110        176        111        166        114        166        116        163        110        160        109        157 
         0          0          0          0          0          0          0          0          0          0          0          0 
       149        226        148        221        150        215        155        213        153        210        154        209 
        33         51         42         33         37         30         39         51         56         51         42         50 
];
router03=[         0          0          0          0          0          0          0          0          0          0          0          0 
       101        186         99        177        101        172        102        171        103        172        101        164 
         0          0          0          0          0          0          0          0          0          0          0          0 
         0          0          0          0          0          0          0          0          0          0          0          0 
        45         38         46         40         45         47         44         40         64         51         50         43 
];
router04=[         0          0          0          0          0          0          0          0          0          0          0          0 
        72        121         69        118         69        114         71        107         73        104         70        100 
         0          0          0          0          0          0          0          0          0          0          0          0 
         0          0          0          0          0          0          0          0          0          0          0          0 
        44         51         37         44         55         50         40         41         37         49         48         52 
];
router05=[         0          0          0          0          0          0          0          0          0          0          0          0 
        47        137         45        129         47        126         48        118         51        117         51        114 
         0          0          0          0          0          0          0          0          0          0          0          0 
         0          0          0          0          0          0          0          0          0          0          0          0 
        55         51         48         46         58         56         40         41         42         49         50         50 
];
router06=[         0          0          0          0          0          0          0          0          0          0          0          0 
        64        125         63        123         64        117         65        114         65        109         66        104 
         0          0          0          0          0          0          0          0          0          0          0          0 
         0          0          0          0          0          0          0          0          0          0          0          0 
        30         53         40         53         44         45         51         65         49         52         49         45 
];
router07=[         0          0          0          0          0          0          0          0          0          0          0          0 
        48        141         50        136         48        133         48        131         48        126         48        123 
         0          0          0          0          0          0          0          0          0          0          0          0 
         0          0          0          0          0          0          0          0          0          0          0          0 
        55         35         54         49         35         55         43         55         52         43         51         42 
];
router08=[         0          0          0          0          0          0          0          0          0          0          0          0 
        13         82         13         81         14         78         14         76         14         72         15         71 
         0          0          0          0          0          0          0          0          0          0          0          0 
         0          0          0          0          0          0          0          0          0          0          0          0 
        40         49         40         54         47         40         47         48         51         57         38         35 
];
router09=[         0          0          0          0          0          0          0          0          0          0          0          0 
        19         74         18         73         18         72         17         67         17         65         17         63 
         0          0          0          0          0          0          0          0          0          0          0          0 
         0          0          0          0          0          0          0          0          0          0          0          0 
        42         43         39         42         41         46         44         45         39         39         35         55 
];
router10=[         0          0          0          0          0          0          0          0          0          0          0          0 
        11         90         11         86         11         85         11         83         10         81         11         80 
         0          0          0          0          0          0          0          0          0          0          0          0 
         0          0          0          0          0          0          0          0          0          0          0          0 
        41         46         43         38         36         37         40         39         43         51         41         55 
];
