router00=[         0          0          0          0          0          0          0          0          0          0          0          0 
      1041       1350       1121        970        891       1257       1157       1042       1015        982        915       1215 
         0          0          0          0          0          0          0          0          0          0          0          0 
      2872       3051       2904       2884       2854       2907       3337       2974       2945       2937       2855       3172 
         0          0          0          0          0          0          0          0          0          0          0          0 
];
router01=[         0          0          0          0          0          0          0          0          0          0          0          0 
      1376       1683       1505       1651       1523       1666       1785       1533       1243       1407       1465       1361 
         0          0          0          0          0          0          0          0          0          0          0          0 
      8744       9316       9592       9330      10030       9540       9188       9608       9706       8468       8705       9395 
      2301       3105       2805       7218       4018       7181       5624       2929       1516       4376       3374       4929 
];
router02=[         0          0          0          0          0          0          0          0          0          0          0          0 
      1025       1131       1029        912        885       1145        768       1069        777        754        652        597 
         0          0          0          0          0          0          0          0          0          0          0          0 
      1436       1310       1309       1294       1734       1324       1580       1402       1276       1687       1597       1360 
       409        784        379        144        231        557       1032        157       1307        498        961        836 
];
router03=[         0          0          0          0          0          0          0          0          0          0          0          0 
       223        223        226        220        221        225        222        216        226        206        223        203 
         0          0          0          0          0          0          0          0          0          0          0          0 
         0          0          0          0          0          0          0          0          0          0          0          0 
        74         88         76         57         87         81         87         78         79         66         65         68 
];
router04=[         0          0          0          0          0          0          0          0          0          0          0          0 
       131        168        134        163        136        159        136        151        135        149        135        149 
         0          0          0          0          0          0          0          0          0          0          0          0 
         0          0          0          0          0          0          0          0          0          0          0          0 
        92         69         58         79         79         68         73         68         47         72         79         73 
];
router05=[         0          0          0          0          0          0          0          0          0          0          0          0 
       124        171        123        167        126        171        123        165        119        161        118        154 
         0          0          0          0          0          0          0          0          0          0          0          0 
         0          0          0          0          0          0          0          0          0          0          0          0 
        72         75         65         72         78         69         81         78         62         81         69         73 
];
router06=[         0          0          0          0          0          0          0          0          0          0          0          0 
       112        184        112        177        114        175        114        169        113        164        115        162 
         0          0          0          0          0          0          0          0          0          0          0          0 
         0          0          0          0          0          0          0          0          0          0          0          0 
        50         76         70         82         81         62         68         87         78         82         75         59 
];
router07=[         0          0          0          0          0          0          0          0          0          0          0          0 
       124        177        130        174        129        166        130        162        131        161        125        159 
         0          0          0          0          0          0          0          0          0          0          0          0 
         0          0          0          0          0          0          0          0          0          0          0          0 
        77         66         76         69         73         79         81         69         61         63         83         68 
];
router08=[         0          0          0          0          0          0          0          0          0          0          0          0 
        49        104         46        101         48         97         48         95         50         92         50         91 
         0          0          0          0          0          0          0          0          0          0          0          0 
         0          0          0          0          0          0          0          0          0          0          0          0 
        80         73         82         87         65         76         80         56         58         74         70         75 
];
router09=[         0          0          0          0          0          0          0          0          0          0          0          0 
        44         94         47         93         46         91         44         89         44         87         45         84 
         0          0          0          0          0          0          0          0          0          0          0          0 
         0          0          0          0          0          0          0          0          0          0          0          0 
        77         73         78         69         82         75         79         80         77         74         61         86 
];
router10=[         0          0          0          0          0          0          0          0          0          0          0          0 
        53         98         52         96         51         92         53         90         52         90         53         88 
         0          0          0          0          0          0          0          0          0          0          0          0 
         0          0          0          0          0          0          0          0          0          0          0          0 
        64         74         62         62         65         72         69         68         63         74         80         90 
];
