router00=[         0          0          0          0          0          0          0          0          0          0          0          0 
       374        377        266        324        271        363        421        414        327        435        223        437 
         0          0          0          0          0          0          0          0          0          0          0          0 
      1265       1232       1386       1291       1303       1069       1236       1287       1237       1104       1186       1192 
         0          0          0          0          0          0          0          0          0          0          0          0 
];
router01=[         0          0          0          0          0          0          0          0          0          0          0          0 
       381        469        325        495        340        485        404        345        430        666        363        355 
         0          0          0          0          0          0          0          0          0          0          0          0 
      1706       1610       1606       1829       1643       1564       1851       1846       1592       1647       1607       1419 
       313        132        149        419         70        716        333        231        418        971        441        308 
];
router02=[         0          0          0          0          0          0          0          0          0          0          0          0 
       214        231        200        233        222        231        236        216        242        324        333        226 
         0          0          0          0          0          0          0          0          0          0          0          0 
       314        379        265        487        316        414        316        430        281        425        326        313 
        55         68         83         94         49        299         74         84         72         66        343         52 
];
router03=[         0          0          0          0          0          0          0          0          0          0          0          0 
       176        224        182        217        188        212        185        211        181        210        179        210 
         0          0          0          0          0          0          0          0          0          0          0          0 
         0          0          0          0          0          0          0          0          0          0          0          0 
        64         78         74         48         73         77         71         79         69         59         61         66 
];
router04=[         0          0          0          0          0          0          0          0          0          0          0          0 
       107        159        102        158        104        153        106        153        103        144        109        141 
         0          0          0          0          0          0          0          0          0          0          0          0 
         0          0          0          0          0          0          0          0          0          0          0          0 
        72         73         59         71         65         66         68         53         53         65         73         70 
];
router05=[         0          0          0          0          0          0          0          0          0          0          0          0 
        93        165         93        160         93        155         96        150         94        147         96        145 
         0          0          0          0          0          0          0          0          0          0          0          0 
         0          0          0          0          0          0          0          0          0          0          0          0 
        59         58         61         57         71         72         59         60         66         76         59         61 
];
router06=[         0          0          0          0          0          0          0          0          0          0          0          0 
       116        148        115        141        118        140        116        135        117        132        117        126 
         0          0          0          0          0          0          0          0          0          0          0          0 
         0          0          0          0          0          0          0          0          0          0          0          0 
        48         68         74         80         70         54         59         81         61         69         71         50 
];
router07=[         0          0          0          0          0          0          0          0          0          0          0          0 
        89        183         90        182         91        172         91        168         90        164         91        163 
         0          0          0          0          0          0          0          0          0          0          0          0 
         0          0          0          0          0          0          0          0          0          0          0          0 
        75         65         73         69         66         83         61         57         62         56         73         63 
];
router08=[         0          0          0          0          0          0          0          0          0          0          0          0 
        40         95         43         93         43         89         42         88         42         84         41         84 
         0          0          0          0          0          0          0          0          0          0          0          0 
         0          0          0          0          0          0          0          0          0          0          0          0 
        63         56         64         71         57         60         69         59         63         64         64         64 
];
router09=[         0          0          0          0          0          0          0          0          0          0          0          0 
        33         93         33         90         33         87         32         84         35         84         34         82 
         0          0          0          0          0          0          0          0          0          0          0          0 
         0          0          0          0          0          0          0          0          0          0          0          0 
        56         61         70         65         64         65         71         59         63         69         50         74 
];
router10=[         0          0          0          0          0          0          0          0          0          0          0          0 
        49         84         50         81         51         80         51         77         51         77         49         76 
         0          0          0          0          0          0          0          0          0          0          0          0 
         0          0          0          0          0          0          0          0          0          0          0          0 
        62         66         56         52         51         68         59         58         57         71         75         70 
];
