router00=[         0          0          0          0          0          0          0          0          0          0          0          0 
       168        209        195        188        166        223        164        191        172        179        169        190 
         0          0          0          0          0          0          0          0          0          0          0          0 
       706        663        695        754        656        747        677        710        658        715        703        681 
         0          0          0          0          0          0          0          0          0          0          0          0 
];
router01=[         0          0          0          0          0          0          0          0          0          0          0          0 
       165        205        158        179        193        180        139        184        169        172        136        209 
         0          0          0          0          0          0          0          0          0          0          0          0 
       490        495        474        569        501        557        519        492        493        465        491        462 
        46         55         59         99        199         53         66        106         56         58         56         60 
];
router02=[         0          0          0          0          0          0          0          0          0          0          0          0 
       136        199        134        196        137        191        136        186        139        178        139        176 
         0          0          0          0          0          0          0          0          0          0          0          0 
       204        246        208        244        208        239        202        238        204        234        205        230 
        48         60         55         51         43         57         49         59         64         59         64         53 
];
router03=[         0          0          0          0          0          0          0          0          0          0          0          0 
       143        192        146        190        144        189        146        181        150        179        148        178 
         0          0          0          0          0          0          0          0          0          0          0          0 
         0          0          0          0          0          0          0          0          0          0          0          0 
        53         54         54         47         54         63         58         62         70         52         45         61 
];
router04=[         0          0          0          0          0          0          0          0          0          0          0          0 
        43        178         44        170         47        168         48        166         46        160         43        159 
         0          0          0          0          0          0          0          0          0          0          0          0 
         0          0          0          0          0          0          0          0          0          0          0          0 
        58         59         46         63         60         53         45         46         45         60         61         60 
];
router05=[         0          0          0          0          0          0          0          0          0          0          0          0 
        59        151         60        148         61        143         62        138         60        134         57        133 
         0          0          0          0          0          0          0          0          0          0          0          0 
         0          0          0          0          0          0          0          0          0          0          0          0 
        60         57         54         51         69         56         48         53         49         64         48         54 
];
router06=[         0          0          0          0          0          0          0          0          0          0          0          0 
        67        155         69        151         70        147         71        143         70        137         69        137 
         0          0          0          0          0          0          0          0          0          0          0          0 
         0          0          0          0          0          0          0          0          0          0          0          0 
        43         50         51         70         53         51         52         75         57         55         57         47 
];
router07=[         0          0          0          0          0          0          0          0          0          0          0          0 
        78        150         80        148         81        143         83        136         82        135         77        131 
         0          0          0          0          0          0          0          0          0          0          0          0 
         0          0          0          0          0          0          0          0          0          0          0          0 
        63         44         59         55         53         59         51         56         58         53         58         54 
];
router08=[         0          0          0          0          0          0          0          0          0          0          0          0 
        16         95         16         94         15         93         15         90         17         88         16         85 
         0          0          0          0          0          0          0          0          0          0          0          0 
         0          0          0          0          0          0          0          0          0          0          0          0 
        51         40         61         59         48         54         55         56         55         58         54         40 
];
router09=[         0          0          0          0          0          0          0          0          0          0          0          0 
        27         81         25         78         26         74         27         73         28         72         27         71 
         0          0          0          0          0          0          0          0          0          0          0          0 
         0          0          0          0          0          0          0          0          0          0          0          0 
        51         52         55         45         46         45         56         50         48         54         38         57 
];
router10=[         0          0          0          0          0          0          0          0          0          0          0          0 
        34         85         33         83         34         82         31         80         33         79         31         74 
         0          0          0          0          0          0          0          0          0          0          0          0 
         0          0          0          0          0          0          0          0          0          0          0          0 
        48         52         45         41         48         51         52         52         42         51         63         63 
];
