router00=[         0          0          0          0          0          0          0          0          0          0          0          0 
      1763       1837       1478       1854       1550       1858       1371       1860       1468       1953       1453       2004 
         0          0          0          0          0          0          0          0          0          0          0          0 
      4282       4281       4332       4258       4629       4205       4074       4508       4426       4009       4519       4286 
         0          0          0          0          0          0          0          0          0          0          0          0 
];
router01=[         0          0          0          0          0          0          0          0          0          0          0          0 
      2561       2742       2469       2979       2742       2655       2568       2754       2041       2757       2443       2264 
         0          0          0          0          0          0          0          0          0          0          0          0 
     17138      18008      15837      16373      16355      16844      17171      16515      16651      17130      17443      17848 
     14326       4384       6624       8308       6085       9796      10033       4948       9784       4765       6160       8286 
];
router02=[         0          0          0          0          0          0          0          0          0          0          0          0 
      3426       3468       2727       3026       2804       2962       3105       2240       2835       2773       2397       2680 
         0          0          0          0          0          0          0          0          0          0          0          0 
      5142       4757       4893       4526       5501       4918       4639       4986       4978       4739       5208       5623 
      2511       2171       3013       1089       4911       2475        333        894       2830       3563       1951       1029 
];
router03=[         0          0          0          0          0          0          0          0          0          0          0          0 
       348        316        458        436        471        544        555        594        592        259        581        303 
         0          0          0          0          0          0          0          0          0          0          0          0 
         0          0          0          0          0          0          0          0          0          0          0          0 
        96        263         90         83        116         86        191        111         83        162        123        135 
];
router04=[         0          0          0          0          0          0          0          0          0          0          0          0 
       146        166        148        164        143        163        142        152        145        149        146        146 
         0          0          0          0          0          0          0          0          0          0          0          0 
         0          0          0          0          0          0          0          0          0          0          0          0 
       101         74         63         83         76         71         82         61         52         73         80         70 
];
router05=[         0          0          0          0          0          0          0          0          0          0          0          0 
       124        183        128        177        126        173        132        169        128        165        130        163 
         0          0          0          0          0          0          0          0          0          0          0          0 
         0          0          0          0          0          0          0          0          0          0          0          0 
        76         79         68         71         72         66         84         77         63         80         77         81 
];
router06=[         0          0          0          0          0          0          0          0          0          0          0          0 
       137        172        136        170        138        167        141        160        144        155        145        158 
         0          0          0          0          0          0          0          0          0          0          0          0 
         0          0          0          0          0          0          0          0          0          0          0          0 
        58         80         66         78         78         78         68         84         73         82         85         63 
];
router07=[         0          0          0          0          0          0          0          0          0          0          0          0 
       224        161        152        177        152        151        211        150        234        174        180        164 
         0          0          0          0          0          0          0          0          0          0          0          0 
         0          0          0          0          0          0          0          0          0          0          0          0 
        88         70         71         73         78         77         81         72         60         65         84        109 
];
router08=[         0          0          0          0          0          0          0          0          0          0          0          0 
        49        105         51        104         50        100         50         96         52         95         51         94 
         0          0          0          0          0          0          0          0          0          0          0          0 
         0          0          0          0          0          0          0          0          0          0          0          0 
        82         76         89         91         76         81         79         62         62         72         71         72 
];
router09=[         0          0          0          0          0          0          0          0          0          0          0          0 
        49         97         49         97         48         96         47         95         48         91         49         87 
         0          0          0          0          0          0          0          0          0          0          0          0 
         0          0          0          0          0          0          0          0          0          0          0          0 
        86         78         84         74         83         75         79         81         74         83         65         84 
];
router10=[         0          0          0          0          0          0          0          0          0          0          0          0 
        60         96         61         96         61         89         64         88         64         87         64         86 
         0          0          0          0          0          0          0          0          0          0          0          0 
         0          0          0          0          0          0          0          0          0          0          0          0 
        86         79         72         65         75         78         77         66         65         75         89         80 
];
