router00=[         0          0          0          0          0          0          0          0          0          0          0          0 
       844       1093        731       1297        966        925        902        983        736       1207        709        988 
         0          0          0          0          0          0          0          0          0          0          0          0 
      2767       2595       2287       2655       2453       2501       2711       2735       2654       2785       2570       2832 
         0          0          0          0          0          0          0          0          0          0          0          0 
];
router01=[         0          0          0          0          0          0          0          0          0          0          0          0 
      1182       1408       1303       1161       1529       1487       1270       1504       1194       1459       1282       1489 
         0          0          0          0          0          0          0          0          0          0          0          0 
      7727       6979       7518       7481       6916       6804       7017       7247       6921       7185       7675       6767 
      2404       3642       3799       2027       3645       2409       3079       1518       4637       1935       3879       4338 
];
router02=[         0          0          0          0          0          0          0          0          0          0          0          0 
       885       1057        679        763        661        722        637        496        622        644        713        600 
         0          0          0          0          0          0          0          0          0          0          0          0 
      1016        927       1025       1051       1038        823       1142       1120        945       1141        966       1246 
        95        507        628        720        354        268        236        417        499        480        846        393 
];
router03=[         0          0          0          0          0          0          0          0          0          0          0          0 
       204        224        209        222        207        226        202        219        210        211        199        229 
         0          0          0          0          0          0          0          0          0          0          0          0 
         0          0          0          0          0          0          0          0          0          0          0          0 
        72         88         73         68         83         82         87         75         76         76         65         68 
];
router04=[         0          0          0          0          0          0          0          0          0          0          0          0 
       126        166        125        164        126        158        128        153        130        150        131        150 
         0          0          0          0          0          0          0          0          0          0          0          0 
         0          0          0          0          0          0          0          0          0          0          0          0 
        88         70         56         84         78         66         73         62         44         73         80         69 
];
router05=[         0          0          0          0          0          0          0          0          0          0          0          0 
       119        169        119        168        117        161        118        156        118        149        122        151 
         0          0          0          0          0          0          0          0          0          0          0          0 
         0          0          0          0          0          0          0          0          0          0          0          0 
        57         65         65         69         68         73         64         64         67         73         64         65 
];
router06=[         0          0          0          0          0          0          0          0          0          0          0          0 
       105        179        108        176        110        168        111        165        113        162        108        162 
         0          0          0          0          0          0          0          0          0          0          0          0 
         0          0          0          0          0          0          0          0          0          0          0          0 
        52         72         62         77         74         69         68         84         74         80         76         61 
];
router07=[         0          0          0          0          0          0          0          0          0          0          0          0 
       135        151        137        153        138        147        140        138        139        140        132        137 
         0          0          0          0          0          0          0          0          0          0          0          0 
         0          0          0          0          0          0          0          0          0          0          0          0 
        79         69         72         69         73         78         84         66         58         62         81         60 
];
router08=[         0          0          0          0          0          0          0          0          0          0          0          0 
        53         96         53         93         54         89         55         87         54         86         54         87 
         0          0          0          0          0          0          0          0          0          0          0          0 
         0          0          0          0          0          0          0          0          0          0          0          0 
        80         65         73         85         59         76         78         56         61         71         70         71 
];
router09=[         0          0          0          0          0          0          0          0          0          0          0          0 
        53         82         54         81         55         80         53         79         53         74         53         74 
         0          0          0          0          0          0          0          0          0          0          0          0 
         0          0          0          0          0          0          0          0          0          0          0          0 
        73         71         73         71         81         65         74         85         79         66         55         82 
];
router10=[         0          0          0          0          0          0          0          0          0          0          0          0 
        46         99         45         98         43         96         44         94         46         90         45         89 
         0          0          0          0          0          0          0          0          0          0          0          0 
         0          0          0          0          0          0          0          0          0          0          0          0 
        65         72         63         63         62         71         67         70         63         70         79         86 
];
