router00=[         0          0          0          0          0          0          0          0          0          0          0          0 
       615        721        647        636        700        664        610        768        779        666        652        659 
         0          0          0          0          0          0          0          0          0          0          0          0 
      1989       1984       1972       1972       2017       2151       1989       2219       1997       2187       2113       1993 
         0          0          0          0          0          0          0          0          0          0          0          0 
];
router01=[         0          0          0          0          0          0          0          0          0          0          0          0 
       751        806        736        799        956        758        949        882       1034        938        777        970 
         0          0          0          0          0          0          0          0          0          0          0          0 
      4796       5033       4743       4831       4915       4394       5048       4587       4454       4942       4652       4881 
      1993       1899       1457       1702        784       1811       3824       3817        723        432       1945       2073 
];
router02=[         0          0          0          0          0          0          0          0          0          0          0          0 
       597        655        639        684        425        820        564        405        505        509        551        658 
         0          0          0          0          0          0          0          0          0          0          0          0 
       900       1118       1221       1153       1156       1125       1064        868        955        719        722        789 
       310        302        144        294        165        129        370       1378       1288        262        188        126 
];
router03=[         0          0          0          0          0          0          0          0          0          0          0          0 
       198        226        202        219        203        217        215        215        201        232        200        211 
         0          0          0          0          0          0          0          0          0          0          0          0 
         0          0          0          0          0          0          0          0          0          0          0          0 
        73         84         70         61         84         93         87         72         72         68         67         66 
];
router04=[         0          0          0          0          0          0          0          0          0          0          0          0 
       134        156        134        155        131        148        135        145        134        140        137        138 
         0          0          0          0          0          0          0          0          0          0          0          0 
         0          0          0          0          0          0          0          0          0          0          0          0 
        87         68         56         84         76         66         69         61         49         70         81         70 
];
router05=[         0          0          0          0          0          0          0          0          0          0          0          0 
       125        156        125        151        126        146        127        147        121        138        124        134 
         0          0          0          0          0          0          0          0          0          0          0          0 
         0          0          0          0          0          0          0          0          0          0          0          0 
        58         65         64         67         66         73         62         61         68         73         68         67 
];
router06=[         0          0          0          0          0          0          0          0          0          0          0          0 
       126        161        123        160        122        160        121        148        127        140        127        140 
         0          0          0          0          0          0          0          0          0          0          0          0 
         0          0          0          0          0          0          0          0          0          0          0          0 
        55         70         69         75         75         65         67         78         74         81         78         59 
];
router07=[         0          0          0          0          0          0          0          0          0          0          0          0 
       129        157        133        153        133        147        134        146        130        139        129        139 
         0          0          0          0          0          0          0          0          0          0          0          0 
         0          0          0          0          0          0          0          0          0          0          0          0 
        81         69         76         64         69         79         80         63         60         60         82         63 
];
router08=[         0          0          0          0          0          0          0          0          0          0          0          0 
        48        100         47         97         47         96         46         94         50         90         48         89 
         0          0          0          0          0          0          0          0          0          0          0          0 
         0          0          0          0          0          0          0          0          0          0          0          0 
        74         68         77         83         58         72         71         54         63         75         70         71 
];
router09=[         0          0          0          0          0          0          0          0          0          0          0          0 
        45         90         46         87         45         84         44         80         46         80         45         80 
         0          0          0          0          0          0          0          0          0          0          0          0 
         0          0          0          0          0          0          0          0          0          0          0          0 
        69         69         70         66         73         66         72         80         78         68         53         83 
];
router10=[         0          0          0          0          0          0          0          0          0          0          0          0 
        26        116         26        114         26        111         27        109         27        106         27        104 
         0          0          0          0          0          0          0          0          0          0          0          0 
         0          0          0          0          0          0          0          0          0          0          0          0 
        63         73         63         59         63         71         68         71         62         72         82         89 
];
