router00=[         0          0          0          0          0          0          0          0          0          0          0          0 
       508        774        583        465        612        531        531        528        547        605        540        656 
         0          0          0          0          0          0          0          0          0          0          0          0 
      1835       1665       1668       1674       1691       1787       1437       1367       1559       1590       1610       1565 
         0          0          0          0          0          0          0          0          0          0          0          0 
];
router01=[         0          0          0          0          0          0          0          0          0          0          0          0 
       485        449        579        615        622        643        615        469        554        494        407        542 
         0          0          0          0          0          0          0          0          0          0          0          0 
      2436       2371       2881       2566       2670       2515       2607       2801       2311       2732       2455       2426 
      1599        511        327       1057        445       1719        818        618        762        760        666       1603 
];
router02=[         0          0          0          0          0          0          0          0          0          0          0          0 
       201        294        220        252        272        231        257        364        200        322        184        263 
         0          0          0          0          0          0          0          0          0          0          0          0 
       450        435        402        473        446        490        332        422        385        383        327        443 
        58         69        228         60         84         53        128        280        171        218        100         59 
];
router03=[         0          0          0          0          0          0          0          0          0          0          0          0 
       213        197        219        192        220        186        218        185        217        183        217        180 
         0          0          0          0          0          0          0          0          0          0          0          0 
         0          0          0          0          0          0          0          0          0          0          0          0 
        68         79         76         48         77         79         73         78         67         59         58         67 
];
router04=[         0          0          0          0          0          0          0          0          0          0          0          0 
        97        182         92        174         93        171         95        167         99        160         99        158 
         0          0          0          0          0          0          0          0          0          0          0          0 
         0          0          0          0          0          0          0          0          0          0          0          0 
        81         71         58         76         67         67         60         53         52         65         76         69 
];
router05=[         0          0          0          0          0          0          0          0          0          0          0          0 
        92        175         83        169         85        159         92        161         92        160         88        154 
         0          0          0          0          0          0          0          0          0          0          0          0 
         0          0          0          0          0          0          0          0          0          0          0          0 
        62         62         60         58         66         69         63         62         66         75         57         63 
];
router06=[         0          0          0          0          0          0          0          0          0          0          0          0 
       122        149        123        144        123        143        121        136        123        130        124        127 
         0          0          0          0          0          0          0          0          0          0          0          0 
         0          0          0          0          0          0          0          0          0          0          0          0 
        52         67         71         85         71         50         63         82         66         78         69         53 
];
router07=[         0          0          0          0          0          0          0          0          0          0          0          0 
        97        180         97        177         95        168        103        164        102        162        100        160 
         0          0          0          0          0          0          0          0          0          0          0          0 
         0          0          0          0          0          0          0          0          0          0          0          0 
        80         65         72         64         67         83         68         62         67         56         78         61 
];
router08=[         0          0          0          0          0          0          0          0          0          0          0          0 
        40         98         42         96         41         95         41         95         40         92         40         91 
         0          0          0          0          0          0          0          0          0          0          0          0 
         0          0          0          0          0          0          0          0          0          0          0          0 
        69         64         66         76         53         60         72         55         63         68         65         66 
];
router09=[         0          0          0          0          0          0          0          0          0          0          0          0 
        36         90         36         89         36         88         34         84         37         81         36         80 
         0          0          0          0          0          0          0          0          0          0          0          0 
         0          0          0          0          0          0          0          0          0          0          0          0 
        60         64         69         61         65         65         70         66         66         65         54         78 
];
router10=[         0          0          0          0          0          0          0          0          0          0          0          0 
        30        107         30        104         30        102         31        100         31         98         28         96 
         0          0          0          0          0          0          0          0          0          0          0          0 
         0          0          0          0          0          0          0          0          0          0          0          0 
        60         69         57         52         56         65         63         65         62         70         78         81 
];
