router00=[         0          0          0          0          0          0          0          0          0          0          0          0 
     15759      16265      15583      17133      15759      16274      16000      16286      16411      16183      16464      17214 
         0          0          0          0          0          0          0          0          0          0          0          0 
     42720      41888      41515      43563      43448      42365      43381      43213      43595      43298      42863      42339 
         0          0          0          0          0          0          0          0          0          0          0          0 
];
router01=[         0          0          0          0          0          0          0          0          0          0          0          0 
     23914      24999      25623      26511      25179      25693      25385      24999      24449      25350      26148      25150 
         0          0          0          0          0          0          0          0          0          0          0          0 
    161373     163101     162954     163600     165068     163209     163559     164374     162694     160415     161792     161651 
     80892      76104      75598      69856      67618      80275      74322      76545      69527      74051      83883      78315 
];
router02=[         0          0          0          0          0          0          0          0          0          0          0          0 
     22800      22587      22315      22993      21219      22498      22237      24980      22825      22173      24231      22263 
         0          0          0          0          0          0          0          0          0          0          0          0 
     42058      40518      39906      42160      40395      40700      37410      38958      39530      40102      37780      39303 
     23539      17086      18602      19260      19217      21632      13596      27525      15641      18967      15237      15855 
];
router03=[         0          0          0          0          0          0          0          0          0          0          0          0 
      3289       3740       3807       3157       3137       3909       3367       3318       3565       3572       3545       3826 
         0          0          0          0          0          0          0          0          0          0          0          0 
         0          0          0          0          0          0          0          0          0          0          0          0 
       997       1046        771        901        872       1091       1092        964        958        888       1016       1097 
];
router04=[         0          0          0          0          0          0          0          0          0          0          0          0 
      1358       1420       1364       1429       1354       1426       1353       1419       1358       1408       1351       1401 
         0          0          0          0          0          0          0          0          0          0          0          0 
         0          0          0          0          0          0          0          0          0          0          0          0 
       768        668        648        677        695        696        714        692        663        638        679        640 
];
router05=[         0          0          0          0          0          0          0          0          0          0          0          0 
      1383       1395       1384       1392       1387       1386       1388       1383       1390       1385       1391       1376 
         0          0          0          0          0          0          0          0          0          0          0          0 
         0          0          0          0          0          0          0          0          0          0          0          0 
       644        688        669        699        713        738        673        698        651        714        695        713 
];
router06=[         0          0          0          0          0          0          0          0          0          0          0          0 
      1619       1368       1372       1442       1373       1420       1420       1562       1396       1504       1389       1467 
         0          0          0          0          0          0          0          0          0          0          0          0 
         0          0          0          0          0          0          0          0          0          0          0          0 
       740        689        716        734        755        724        717        755        714        794        811        672 
];
router07=[         0          0          0          0          0          0          0          0          0          0          0          0 
      1397       1428       1416       1393       1691       1518       1389       1424       1512       1564       1453       1424 
         0          0          0          0          0          0          0          0          0          0          0          0 
         0          0          0          0          0          0          0          0          0          0          0          0 
       644        657        721        704        709        740        700        723        697        693        741        712 
];
router08=[         0          0          0          0          0          0          0          0          0          0          0          0 
       631        763        630        762        627        759        627        751        636        750        633        754 
         0          0          0          0          0          0          0          0          0          0          0          0 
         0          0          0          0          0          0          0          0          0          0          0          0 
       691        706        724        701        704        692        684        690        703        650        662        706 
];
router09=[         0          0          0          0          0          0          0          0          0          0          0          0 
       608        763        606        762        607        763        605        758        612        751        611        749 
         0          0          0          0          0          0          0          0          0          0          0          0 
         0          0          0          0          0          0          0          0          0          0          0          0 
       722        667        716        699        701        712        707        764        677        698        656        721 
];
router10=[         0          0          0          0          0          0          0          0          0          0          0          0 
       647        720        644        718        642        718        642        714        643        709        648        707 
         0          0          0          0          0          0          0          0          0          0          0          0 
         0          0          0          0          0          0          0          0          0          0          0          0 
       669        661        655        681        680        693        692        713        677        672        678        678 
];
