router00=[         0          0          0          0          0          0          0          0          0          0          0          0 
      1223       1294       1251       1291       1220       1279       1235       1282       1226       1276       1267       1282 
         0          0          0          0          0          0          0          0          0          0          0          0 
      5014       5117       5051       5143       5104       5095       5014       5106       5079       5154       5064       5114 
         0          0          0          0          0          0          0          0          0          0          0          0 
];
router01=[         0          0          0          0          0          0          0          0          0          0          0          0 
      1297       1275       1320       1273       1287       1272       1283       1291       1302       1270       1305       1256 
         0          0          0          0          0          0          0          0          0          0          0          0 
      3389       3422       3496       3411       3428       3406       3372       3418       3358       3388       3373       3489 
       386        431        589        605        428        430        472        439        389        417        424        462 
];
router02=[         0          0          0          0          0          0          0          0          0          0          0          0 
      1176       1326       1175       1330       1175       1319       1180       1304       1183       1300       1179       1310 
         0          0          0          0          0          0          0          0          0          0          0          0 
      1665       1701       1667       1710       1664       1699       1658       1713       1651       1703       1667       1685 
       417        436        436        379        428        388        424        396        426        388        446        438 
];
router03=[         0          0          0          0          0          0          0          0          0          0          0          0 
      1241       1289       1241       1279       1242       1275       1243       1265       1252       1256       1251       1259 
         0          0          0          0          0          0          0          0          0          0          0          0 
         0          0          0          0          0          0          0          0          0          0          0          0 
       411        408        438        442        394        475        414        427        440        406        432        396 
];
router04=[         0          0          0          0          0          0          0          0          0          0          0          0 
       805        881        798        880        798        880        799        865        807        866        797        858 
         0          0          0          0          0          0          0          0          0          0          0          0 
         0          0          0          0          0          0          0          0          0          0          0          0 
       439        364        394        410        426        433        405        432        413        419        392        439 
];
router05=[         0          0          0          0          0          0          0          0          0          0          0          0 
       801        898        801        886        804        887        803        883        803        874        807        869 
         0          0          0          0          0          0          0          0          0          0          0          0 
         0          0          0          0          0          0          0          0          0          0          0          0 
       429        453        445        447        433        414        420        401        449        439        423        449 
];
router06=[         0          0          0          0          0          0          0          0          0          0          0          0 
       766        913        761        912        763        907        765        901        767        898        765        887 
         0          0          0          0          0          0          0          0          0          0          0          0 
         0          0          0          0          0          0          0          0          0          0          0          0 
       393        412        393        430        385        408        415        471        395        429        416        390 
];
router07=[         0          0          0          0          0          0          0          0          0          0          0          0 
       812        869        812        869        810        862        807        859        807        856        806        853 
         0          0          0          0          0          0          0          0          0          0          0          0 
         0          0          0          0          0          0          0          0          0          0          0          0 
       398        388        417        415        405        422        436        482        452        427        397        427 
];
router08=[         0          0          0          0          0          0          0          0          0          0          0          0 
       337        506        337        503        339        500        340        497        340        499        339        495 
         0          0          0          0          0          0          0          0          0          0          0          0 
         0          0          0          0          0          0          0          0          0          0          0          0 
       393        454        380        439        418        440        421        431        402        418        403        405 
];
router09=[         0          0          0          0          0          0          0          0          0          0          0          0 
       413        438        416        433        413        436        412        432        409        435        410        429 
         0          0          0          0          0          0          0          0          0          0          0          0 
         0          0          0          0          0          0          0          0          0          0          0          0 
       416        415        417        409        407        417        417        441        428        427        388        458 
];
router10=[         0          0          0          0          0          0          0          0          0          0          0          0 
       339        505        339        505        338        505        336        501        337        498        339        493 
         0          0          0          0          0          0          0          0          0          0          0          0 
         0          0          0          0          0          0          0          0          0          0          0          0 
       394        416        384        383        399        432        431        410        459        426        433        408 
];
