router00=[         0          0          0          0          0          0          0          0          0          0          0          0 
      5077       5344       5521       5254       5048       5080       4909       5037       4705       5576       5146       5141 
         0          0          0          0          0          0          0          0          0          0          0          0 
     15811      15668      16242      15504      16072      15457      15784      15770      15530      15669      15484      15781 
         0          0          0          0          0          0          0          0          0          0          0          0 
];
router01=[         0          0          0          0          0          0          0          0          0          0          0          0 
      6932       6588       6419       6721       6089       6167       6344       6554       6837       7056       7072       6587 
         0          0          0          0          0          0          0          0          0          0          0          0 
     29655      31507      31118      31335      30542      31351      32271      31250      31374      30708      32174      31004 
      8969       9999       9281      12142       8917      10877      10204      10586      13805      12796       9088       9327 
];
router02=[         0          0          0          0          0          0          0          0          0          0          0          0 
      3433       3434       3598       3122       3567       3320       3682       3071       3334       3118       3343       3403 
         0          0          0          0          0          0          0          0          0          0          0          0 
      5020       5177       4829       5327       5491       5068       5706       6171       5145       5555       5501       5791 
      2536       2117       1403       1392       2042       1203       1664       1139       1499       3029       2096       2125 
];
router03=[         0          0          0          0          0          0          0          0          0          0          0          0 
      2039       2054       1985       2014       1930       1991       2001       1941       1903       1985       1928       1906 
         0          0          0          0          0          0          0          0          0          0          0          0 
         0          0          0          0          0          0          0          0          0          0          0          0 
       635        631        593        628        651        666        663        702        628        614        657        634 
];
router04=[         0          0          0          0          0          0          0          0          0          0          0          0 
      1236       1272       1231       1276       1235       1266       1238       1266       1237       1261       1240       1267 
         0          0          0          0          0          0          0          0          0          0          0          0 
         0          0          0          0          0          0          0          0          0          0          0          0 
       680        590        583        606        623        640        612        609        596        582        617        582 
];
router05=[         0          0          0          0          0          0          0          0          0          0          0          0 
      1160       1355       1157       1354       1159       1335       1161       1340       1155       1343       1158       1328 
         0          0          0          0          0          0          0          0          0          0          0          0 
         0          0          0          0          0          0          0          0          0          0          0          0 
       613        638        624        615        609        662        617        604        618        660        608        640 
];
router06=[         0          0          0          0          0          0          0          0          0          0          0          0 
      1187       1258       1189       1253       1188       1247       1187       1245       1190       1241       1197       1233 
         0          0          0          0          0          0          0          0          0          0          0          0 
         0          0          0          0          0          0          0          0          0          0          0          0 
       625        627        605        602        623        638        603        659        612        646        625        602 
];
router07=[         0          0          0          0          0          0          0          0          0          0          0          0 
      1226       1305       1226       1304       1230       1303       1229       1309       1227       1295       1218       1297 
         0          0          0          0          0          0          0          0          0          0          0          0 
         0          0          0          0          0          0          0          0          0          0          0          0 
       589        636        647        630        627        611        639        648        638        638        656        651 
];
router08=[         0          0          0          0          0          0          0          0          0          0          0          0 
       606        651        607        642        614        639        612        643        610        640        607        642 
         0          0          0          0          0          0          0          0          0          0          0          0 
         0          0          0          0          0          0          0          0          0          0          0          0 
       613        648        629        631        628        638        634        637        643        603        573        630 
];
router09=[         0          0          0          0          0          0          0          0          0          0          0          0 
       585        658        582        659        581        660        580        656        578        652        584        650 
         0          0          0          0          0          0          0          0          0          0          0          0 
         0          0          0          0          0          0          0          0          0          0          0          0 
       633        571        641        634        630        606        676        679        628        635        589        652 
];
router10=[         0          0          0          0          0          0          0          0          0          0          0          0 
       528        698        533        694        533        700        532        698        531        694        534        691 
         0          0          0          0          0          0          0          0          0          0          0          0 
         0          0          0          0          0          0          0          0          0          0          0          0 
       581        563        584        605        625        595        604        628        623        599        606        637 
];
