router00=[         0          0          0          0          0          0          0          0          0          0          0          0 
     12048      12287      11829      12188      12049      11685      12070      12326      12476      11842      11751      11992 
         0          0          0          0          0          0          0          0          0          0          0          0 
     33123      32672      33236      32749      32173      32406      32836      33019      32107      33218      32628      33072 
         0          0          0          0          0          0          0          0          0          0          0          0 
];
router01=[         0          0          0          0          0          0          0          0          0          0          0          0 
     18704      18839      19948      18667      18282      18313      19424      19244      18508      18754      18361      18422 
         0          0          0          0          0          0          0          0          0          0          0          0 
    109506     109874     110670     111398     109158     110318     111956     109569     108819     109435     110146     110307 
     43666      46298      48955      54758      46126      56121      54559      36411      45020      53480      41687      43546 
];
router02=[         0          0          0          0          0          0          0          0          0          0          0          0 
     12692      11515      12823      12368      12121      12101      12611      12312      12180      12635      12243      12165 
         0          0          0          0          0          0          0          0          0          0          0          0 
     22643      20683      22317      22149      21747      21516      21665      22303      21985      22387      21784      22785 
      9009      11322      10405       9150      11128      14843      10753      10625       8287       8725       9835       9934 
];
router03=[         0          0          0          0          0          0          0          0          0          0          0          0 
      2696       2492       2924       2641       2723       2648       2771       3015       2421       2548       3029       2965 
         0          0          0          0          0          0          0          0          0          0          0          0 
         0          0          0          0          0          0          0          0          0          0          0          0 
       917        765        869        752        770        930        940        987        775        704        950        883 
];
router04=[         0          0          0          0          0          0          0          0          0          0          0          0 
      1396       1304       1399       1300       1401       1294       1405       1291       1405       1292       1405       1288 
         0          0          0          0          0          0          0          0          0          0          0          0 
         0          0          0          0          0          0          0          0          0          0          0          0 
       734        637        632        655        690        693        688        680        629        607        658        619 
];
router05=[         0          0          0          0          0          0          0          0          0          0          0          0 
      1333       1383       1325       1385       1335       1379       1333       1380       1316       1385       1316       1366 
         0          0          0          0          0          0          0          0          0          0          0          0 
         0          0          0          0          0          0          0          0          0          0          0          0 
       638        671        649        658        679        725        666        673        652        694        668        697 
];
router06=[         0          0          0          0          0          0          0          0          0          0          0          0 
      1299       1459       1289       1458       1342       1667       1296       1432       1551       1359       1283       1395 
         0          0          0          0          0          0          0          0          0          0          0          0 
         0          0          0          0          0          0          0          0          0          0          0          0 
       750        681        660        684        746        706        674        717        742        728        653        666 
];
router07=[         0          0          0          0          0          0          0          0          0          0          0          0 
      1452       1425       1447       1371       1370       1357       1429       1363       1449       1343       1359       1464 
         0          0          0          0          0          0          0          0          0          0          0          0 
         0          0          0          0          0          0          0          0          0          0          0          0 
       635        632        686        688        732        682        762        691        680        692        710        781 
];
router08=[         0          0          0          0          0          0          0          0          0          0          0          0 
       664        685        666        682        663        685        662        684        664        678        667        678 
         0          0          0          0          0          0          0          0          0          0          0          0 
         0          0          0          0          0          0          0          0          0          0          0          0 
       668        689        696        659        688        676        695        687        665        647        646        687 
];
router09=[         0          0          0          0          0          0          0          0          0          0          0          0 
       614        718        617        715        619        711        621        705        623        704        616        707 
         0          0          0          0          0          0          0          0          0          0          0          0 
         0          0          0          0          0          0          0          0          0          0          0          0 
       708        652        696        699        682        684        687        753        680        685        626        710 
];
router10=[         0          0          0          0          0          0          0          0          0          0          0          0 
       677        662        668        663        664        663        662        659        665        653        693        659 
         0          0          0          0          0          0          0          0          0          0          0          0 
         0          0          0          0          0          0          0          0          0          0          0          0 
       642        633        641        661        671        749        675        685        671        648        655        687 
];
