router00=[         0          0          0          0          0          0          0          0          0          0          0          0 
      1658       1706       1715       1579       1597       1724       1693       1660       1600       1708       1596       1694 
         0          0          0          0          0          0          0          0          0          0          0          0 
      6407       6395       6408       6458       6318       6436       6200       6453       6410       6355       6338       6285 
         0          0          0          0          0          0          0          0          0          0          0          0 
];
router01=[         0          0          0          0          0          0          0          0          0          0          0          0 
      1565       1677       1600       1684       1696       1630       1593       1698       1633       1631       1546       1695 
         0          0          0          0          0          0          0          0          0          0          0          0 
      4477       4572       4481       4621       4451       4656       4572       4651       4562       4639       4537       4569 
       580        513        700        632        782        742        769        554        683        702        630        580 
];
router02=[         0          0          0          0          0          0          0          0          0          0          0          0 
      1479       1532       1473       1520       1481       1519       1473       1519       1489       1530       1520       1496 
         0          0          0          0          0          0          0          0          0          0          0          0 
      2033       2041       2037       2046       2037       2026       2042       2023       2037       2031       2041       2021 
       526        506        562        468        512        463        478        515        499        477        557        499 
];
router03=[         0          0          0          0          0          0          0          0          0          0          0          0 
      1516       1537       1525       1524       1525       1520       1518       1516       1536       1506       1531       1515 
         0          0          0          0          0          0          0          0          0          0          0          0 
         0          0          0          0          0          0          0          0          0          0          0          0 
       478        474        533        523        489        575        514        514        503        477        495        519 
];
router04=[         0          0          0          0          0          0          0          0          0          0          0          0 
       901       1119        900       1112        907       1109        913       1102        912       1102        903       1111 
         0          0          0          0          0          0          0          0          0          0          0          0 
         0          0          0          0          0          0          0          0          0          0          0          0 
       565        470        465        484        499        533        482        516        504        489        500        503 
];
router05=[         0          0          0          0          0          0          0          0          0          0          0          0 
       950       1068        960       1066        957       1059        960       1054        953       1061        946       1063 
         0          0          0          0          0          0          0          0          0          0          0          0 
         0          0          0          0          0          0          0          0          0          0          0          0 
       514        526        507        516        530        523        490        477        502        491        473        510 
];
router06=[         0          0          0          0          0          0          0          0          0          0          0          0 
       968       1036        968       1043        965       1032        969       1027        966       1025        971       1019 
         0          0          0          0          0          0          0          0          0          0          0          0 
         0          0          0          0          0          0          0          0          0          0          0          0 
       495        491        464        483        490        512        483        557        493        518        517        465 
];
router07=[         0          0          0          0          0          0          0          0          0          0          0          0 
       972       1072        972       1067        974       1060        978       1052        974       1060        971       1052 
         0          0          0          0          0          0          0          0          0          0          0          0 
         0          0          0          0          0          0          0          0          0          0          0          0 
       486        471        491        501        527        496        524        517        546        515        483        509 
];
router08=[         0          0          0          0          0          0          0          0          0          0          0          0 
       444        569        446        569        445        567        443        566        443        567        440        563 
         0          0          0          0          0          0          0          0          0          0          0          0 
         0          0          0          0          0          0          0          0          0          0          0          0 
       508        486        505        509        521        542        515        521        498        457        471        495 
];
router09=[         0          0          0          0          0          0          0          0          0          0          0          0 
       467        543        466        540        466        536        468        529        468        528        469        529 
         0          0          0          0          0          0          0          0          0          0          0          0 
         0          0          0          0          0          0          0          0          0          0          0          0 
       536        498        510        495        518        488        525        512        497        512        451        546 
];
router10=[         0          0          0          0          0          0          0          0          0          0          0          0 
       513        509        510        508        512        504        515        502        517        501        515        499 
         0          0          0          0          0          0          0          0          0          0          0          0 
         0          0          0          0          0          0          0          0          0          0          0          0 
       485        501        457        459        489        495        494        516        529        483        479        503 
];
