router00=[         0          0          0          0          0          0          0          0          0          0          0          0 
      3619       3909       3241       3608       3495       3771       3568       3977       3642       3438       3255       3906 
         0          0          0          0          0          0          0          0          0          0          0          0 
     11416      11499      11775      11853      11661      11784      11643      11813      12042      11941      12056      11880 
         0          0          0          0          0          0          0          0          0          0          0          0 
];
router01=[         0          0          0          0          0          0          0          0          0          0          0          0 
      4304       3905       4167       3967       4292       4188       4079       4058       4122       4231       4775       4221 
         0          0          0          0          0          0          0          0          0          0          0          0 
     17236      17166      17520      17383      17333      17235      17680      17875      16736      17719      16926      17487 
      5177       4337       4467       3795       3987       4798       5024       4912       5713       7374       3663       4561 
];
router02=[         0          0          0          0          0          0          0          0          0          0          0          0 
      2744       2608       2502       2382       2208       2316       2578       2843       2432       2657       2739       2553 
         0          0          0          0          0          0          0          0          0          0          0          0 
      3852       3406       3399       3705       3475       3582       3543       3582       3628       3727       3693       3604 
       967        784        802        831       1360       2158       1193        835        986       1942       1035        735 
];
router03=[         0          0          0          0          0          0          0          0          0          0          0          0 
      2230       1942       2069       1908       2065       1974       1842       2014       1978       1899       1828       2054 
         0          0          0          0          0          0          0          0          0          0          0          0 
         0          0          0          0          0          0          0          0          0          0          0          0 
       569        593        671        586        596        664        638        652        623        559        604        591 
];
router04=[         0          0          0          0          0          0          0          0          0          0          0          0 
      1114       1282       1111       1284       1114       1278       1116       1278       1115       1265       1118       1266 
         0          0          0          0          0          0          0          0          0          0          0          0 
         0          0          0          0          0          0          0          0          0          0          0          0 
       663        565        554        572        619        615        584        587        565        564        579        567 
];
router05=[         0          0          0          0          0          0          0          0          0          0          0          0 
      1161       1244       1158       1237       1142       1243       1148       1235       1153       1219       1166       1221 
         0          0          0          0          0          0          0          0          0          0          0          0 
         0          0          0          0          0          0          0          0          0          0          0          0 
       582        627        597        585        576        639        590        570        593        619        584        622 
];
router06=[         0          0          0          0          0          0          0          0          0          0          0          0 
      1191       1201       1174       1211       1166       1188       1174       1183       1173       1182       1174       1186 
         0          0          0          0          0          0          0          0          0          0          0          0 
         0          0          0          0          0          0          0          0          0          0          0          0 
       588        592        579        589        594        612        571        637        577        627        608        568 
];
router07=[         0          0          0          0          0          0          0          0          0          0          0          0 
      1170       1343       1296       1243       1191       1277       1295       1239       1184       1268       1209       1237 
         0          0          0          0          0          0          0          0          0          0          0          0 
         0          0          0          0          0          0          0          0          0          0          0          0 
       555        595        618        595        634        613        621        619        607        642        669        627 
];
router08=[         0          0          0          0          0          0          0          0          0          0          0          0 
       550        653        551        653        548        652        549        647        548        645        553        638 
         0          0          0          0          0          0          0          0          0          0          0          0 
         0          0          0          0          0          0          0          0          0          0          0          0 
       575        613        591        609        593        617        607        607        607        561        568        600 
];
router09=[         0          0          0          0          0          0          0          0          0          0          0          0 
       654        528        656        527        656        526        654        520        656        525        651        518 
         0          0          0          0          0          0          0          0          0          0          0          0 
         0          0          0          0          0          0          0          0          0          0          0          0 
       610        550        622        631        604        589        651        619        587        609        556        625 
];
router10=[         0          0          0          0          0          0          0          0          0          0          0          0 
       598        597        602        591        603        589        604        584        603        584        600        587 
         0          0          0          0          0          0          0          0          0          0          0          0 
         0          0          0          0          0          0          0          0          0          0          0          0 
       585        553        551        563        591        577        594        602        610        570        600        614 
];
