router00=[         0          0          0          0          0          0          0          0          0          0          0          0 
      7083       6604       6839       6923       6914       6754       7040       7281       7018       7308       6870       6860 
         0          0          0          0          0          0          0          0          0          0          0          0 
     19568      20126      19367      19426      19770      19905      20338      19370      20257      19311      19687      20659 
         0          0          0          0          0          0          0          0          0          0          0          0 
];
router01=[         0          0          0          0          0          0          0          0          0          0          0          0 
      9267       9199       9089       9769       9094       9913      10142       9249      10084       9029      10056       9188 
         0          0          0          0          0          0          0          0          0          0          0          0 
     48300      47286      49280      48287      46181      47961      49381      48041      47647      47866      47075      47950 
     15118      14657      16634      19207      12668      21574      19360      21684      14342      24169      15813      16343 
];
router02=[         0          0          0          0          0          0          0          0          0          0          0          0 
      5476       4960       4650       4515       5105       5382       5287       4577       4739       4636       4452       4660 
         0          0          0          0          0          0          0          0          0          0          0          0 
      7180       7395       7619       8032       7474       8220       7400       7422       8034       7441       6893       7442 
      2781       2767       4117       2904       3707       2107       3449       1520       3479       3400       2485       3423 
];
router03=[         0          0          0          0          0          0          0          0          0          0          0          0 
      2040       1935       2075       2110       2061       1956       2019       1961       2093       1928       2062       1958 
         0          0          0          0          0          0          0          0          0          0          0          0 
         0          0          0          0          0          0          0          0          0          0          0          0 
       607        634        602        644        697        682        662        640        712        615        655        706 
];
router04=[         0          0          0          0          0          0          0          0          0          0          0          0 
      1319       1248       1331       1236       1340       1231       1335       1240       1314       1238       1325       1224 
         0          0          0          0          0          0          0          0          0          0          0          0 
         0          0          0          0          0          0          0          0          0          0          0          0 
       700        607        591        612        653        678        642        635        618        600        630        590 
];
router05=[         0          0          0          0          0          0          0          0          0          0          0          0 
      1259       1316       1273       1302       1279       1301       1267       1303       1271       1294       1273       1298 
         0          0          0          0          0          0          0          0          0          0          0          0 
         0          0          0          0          0          0          0          0          0          0          0          0 
       611        664        630        631        608        698        636        631        621        667        613        656 
];
router06=[         0          0          0          0          0          0          0          0          0          0          0          0 
      1237       1292       1225       1286       1216       1285       1223       1274       1222       1279       1226       1266 
         0          0          0          0          0          0          0          0          0          0          0          0 
         0          0          0          0          0          0          0          0          0          0          0          0 
       643        638        612        614        641        651        628        662        635        678        653        609 
];
router07=[         0          0          0          0          0          0          0          0          0          0          0          0 
      1299       1296       1290       1290       1299       1301       1301       1272       1291       1310       1331       1274 
         0          0          0          0          0          0          0          0          0          0          0          0 
         0          0          0          0          0          0          0          0          0          0          0          0 
       601        632        657        649        635        628        668        747        649        669        669        657 
];
router08=[         0          0          0          0          0          0          0          0          0          0          0          0 
       573        717        574        714        579        702        580        700        580        700        578        701 
         0          0          0          0          0          0          0          0          0          0          0          0 
         0          0          0          0          0          0          0          0          0          0          0          0 
       637        653        644        651        648        647        639        647        650        617        610        640 
];
router09=[         0          0          0          0          0          0          0          0          0          0          0          0 
       599        669        606        668        602        672        604        663        605        667        599        667 
         0          0          0          0          0          0          0          0          0          0          0          0 
         0          0          0          0          0          0          0          0          0          0          0          0 
       657        597        658        653        655        627        693        710        643        653        588        677 
];
router10=[         0          0          0          0          0          0          0          0          0          0          0          0 
       576        691        570        690        573        687        567        691        568        683        571        682 
         0          0          0          0          0          0          0          0          0          0          0          0 
         0          0          0          0          0          0          0          0          0          0          0          0 
       599        592        597        621        641        626        636        658        625        603        625        659 
];
