router00=[         0          0          0          0          0          0          0          0          0          0          0          0 
      3958       4498       4224       4520       4241       4376       4250       4328       4652       4892       4195       4416 
         0          0          0          0          0          0          0          0          0          0          0          0 
     14188      13556      13623      13553      13562      14047      13667      13130      13705      13838      13336      13184 
         0          0          0          0          0          0          0          0          0          0          0          0 
];
router01=[         0          0          0          0          0          0          0          0          0          0          0          0 
      5373       5240       5755       4833       5597       5307       5356       5500       5017       5278       5498       5262 
         0          0          0          0          0          0          0          0          0          0          0          0 
     25590      24046      24545      25139      24857      23707      23669      24676      23935      24832      22357      24957 
      7980       6136       4953      11767       7428      12443       7311       7666       7061       6268       4930      11450 
];
router02=[         0          0          0          0          0          0          0          0          0          0          0          0 
      2788       2457       2770       2479       2396       2836       2631       2986       2595       2713       2555       2869 
         0          0          0          0          0          0          0          0          0          0          0          0 
      4577       4647       4092       4129       4316       4511       4139       4275       4346       4328       4140       3868 
      2057       2160       1057       1403       1269       1171       1592       1120       1552       1188        709       1654 
];
router03=[         0          0          0          0          0          0          0          0          0          0          0          0 
      1861       1896       1853       1914       1853       1884       1877       1906       1837       1925       1834       1899 
         0          0          0          0          0          0          0          0          0          0          0          0 
         0          0          0          0          0          0          0          0          0          0          0          0 
       582        622        582        591        623        688        623        639        635        591        616        628 
];
router04=[         0          0          0          0          0          0          0          0          0          0          0          0 
      1156       1319       1164       1308       1160       1307       1150       1310       1148       1303       1150       1300 
         0          0          0          0          0          0          0          0          0          0          0          0 
         0          0          0          0          0          0          0          0          0          0          0          0 
       675        580        568        599        616        636        594        601        580        572        605        572 
];
router05=[         0          0          0          0          0          0          0          0          0          0          0          0 
      1175       1294       1163       1305       1165       1292       1170       1286       1168       1279       1175       1277 
         0          0          0          0          0          0          0          0          0          0          0          0 
         0          0          0          0          0          0          0          0          0          0          0          0 
       605        640        607        597        591        657        607        597        615        645        596        625 
];
router06=[         0          0          0          0          0          0          0          0          0          0          0          0 
      1199       1232       1191       1229       1197       1221       1196       1212       1203       1202       1204       1198 
         0          0          0          0          0          0          0          0          0          0          0          0 
         0          0          0          0          0          0          0          0          0          0          0          0 
       627        611        592        598        604        618        585        642        599        637        617        593 
];
router07=[         0          0          0          0          0          0          0          0          0          0          0          0 
      1235       1267       1245       1253       1235       1252       1243       1244       1241       1237       1237       1239 
         0          0          0          0          0          0          0          0          0          0          0          0 
         0          0          0          0          0          0          0          0          0          0          0          0 
       580        614        635        626        631        600        632        634        640        636        637        627 
];
router08=[         0          0          0          0          0          0          0          0          0          0          0          0 
       553        683        557        681        555        680        554        683        547        680        552        673 
         0          0          0          0          0          0          0          0          0          0          0          0 
         0          0          0          0          0          0          0          0          0          0          0          0 
       607        644        611        617        619        624        627        623        645        587        557        615 
];
router09=[         0          0          0          0          0          0          0          0          0          0          0          0 
       578        639        580        640        576        637        577        635        579        630        579        627 
         0          0          0          0          0          0          0          0          0          0          0          0 
         0          0          0          0          0          0          0          0          0          0          0          0 
       618        569        634        633        612        602        670        658        614        633        579        643 
];
router10=[         0          0          0          0          0          0          0          0          0          0          0          0 
       596        629        594        627        596        627        595        619        597        620        597        615 
         0          0          0          0          0          0          0          0          0          0          0          0 
         0          0          0          0          0          0          0          0          0          0          0          0 
       580        558        571        586        613        590        602        618        616        594        614        633 
];
