router00=[         0          0          0          0          0          0          0          0          0          0          0          0 
      9830      10465       9549      10413      10350      10090       9719       9819       9864       9862      10150      10369 
         0          0          0          0          0          0          0          0          0          0          0          0 
     28891      28598      27846      27232      27771      28673      28442      27701      27761      28111      28408      27716 
         0          0          0          0          0          0          0          0          0          0          0          0 
];
router01=[         0          0          0          0          0          0          0          0          0          0          0          0 
     15111      15776      15293      14980      14684      15544      15574      16194      14729      14038      15971      15023 
         0          0          0          0          0          0          0          0          0          0          0          0 
     86443      87087      86907      86740      86800      85876      87155      86993      86201      85646      85743      87501 
     36496      41367      31450      36289      37771      42658      37357      36735      32748      26364      37156      41443 
];
router02=[         0          0          0          0          0          0          0          0          0          0          0          0 
      9296       9645       9820       8587       8896       8226       9561       9255       8619       8753       8557       8656 
         0          0          0          0          0          0          0          0          0          0          0          0 
     15743      14687      15753      14721      13984      14967      16406      15941      14490      14541      15768      14921 
      8678       5929       8678       7198       4646       8062       6816       6518       8125       9216       7231       5083 
];
router03=[         0          0          0          0          0          0          0          0          0          0          0          0 
      2090       2213       2487       2296       2477       2064       2268       2101       2371       2436       2228       2319 
         0          0          0          0          0          0          0          0          0          0          0          0 
         0          0          0          0          0          0          0          0          0          0          0          0 
       751        662        731        872        760        940        759        709        715        674        753        737 
];
router04=[         0          0          0          0          0          0          0          0          0          0          0          0 
      1309       1358       1306       1356       1299       1353       1304       1354       1311       1345       1315       1341 
         0          0          0          0          0          0          0          0          0          0          0          0 
         0          0          0          0          0          0          0          0          0          0          0          0 
       729        623        624        633        685        693        677        670        616        609        640        608 
];
router05=[         0          0          0          0          0          0          0          0          0          0          0          0 
      1237       1443       1245       1426       1261       1417       1257       1416       1259       1407       1256       1420 
         0          0          0          0          0          0          0          0          0          0          0          0 
         0          0          0          0          0          0          0          0          0          0          0          0 
       631        673        644        651        658        721        648        661        666        684        641        699 
];
router06=[         0          0          0          0          0          0          0          0          0          0          0          0 
      1265       1365       1269       1363       1260       1353       1262       1346       1270       1338       1267       1345 
         0          0          0          0          0          0          0          0          0          0          0          0 
         0          0          0          0          0          0          0          0          0          0          0          0 
       668        659        633        664        665        691        661        665        663        705        652        648 
];
router07=[         0          0          0          0          0          0          0          0          0          0          0          0 
      1347       1344       1382       1348       1339       1353       1325       1364       1366       1369       1390       1325 
         0          0          0          0          0          0          0          0          0          0          0          0 
         0          0          0          0          0          0          0          0          0          0          0          0 
       626        629        683        685        677        657        691        695        676        705        680        690 
];
router08=[         0          0          0          0          0          0          0          0          0          0          0          0 
       624        710        625        705        625        706        619        707        624        701        628        699 
         0          0          0          0          0          0          0          0          0          0          0          0 
         0          0          0          0          0          0          0          0          0          0          0          0 
       651        671        688        657        668        665        682        680        660        644        642        669 
];
router09=[         0          0          0          0          0          0          0          0          0          0          0          0 
       581        736        581        738        582        736        580        733        584        728        581        728 
         0          0          0          0          0          0          0          0          0          0          0          0 
         0          0          0          0          0          0          0          0          0          0          0          0 
       691        640        680        707        679        665        692        755        663        680        616        684 
];
router10=[         0          0          0          0          0          0          0          0          0          0          0          0 
       660        653        658        650        659        646        663        647        662        645        663        643 
         0          0          0          0          0          0          0          0          0          0          0          0 
         0          0          0          0          0          0          0          0          0          0          0          0 
       646        622        626        654        664        655        668        679        653        638        638        676 
];
