router00=[         0          0          0          0          0          0          0          0          0          0          0          0 
      3028       3364       3188       3115       2976       2929       3351       3253       3460       3149       3335       3111 
         0          0          0          0          0          0          0          0          0          0          0          0 
     10288      10420      10352      10369      10533      10522      10659      10353      10195      10504      10396      10568 
         0          0          0          0          0          0          0          0          0          0          0          0 
];
router01=[         0          0          0          0          0          0          0          0          0          0          0          0 
      3812       3158       3735       3401       3652       3310       3077       3486       3424       3054       3650       3460 
         0          0          0          0          0          0          0          0          0          0          0          0 
     13117      13960      13504      13941      13409      13319      13387      13159      13718      13254      13132      14268 
      2420       2542       5259       3261       3402       4424       4218       2808       2796       3380       3050       3968 
];
router02=[         0          0          0          0          0          0          0          0          0          0          0          0 
      2124       2322       2245       1926       2099       1963       2051       1984       2118       2156       2161       1968 
         0          0          0          0          0          0          0          0          0          0          0          0 
      2711       2819       2772       2962       2717       2916       2858       2809       2801       2812       2759       2834 
       887        733        916       1122        717        830        943        713        932        642        879        884 
];
router03=[         0          0          0          0          0          0          0          0          0          0          0          0 
      1815       1774       1815       1781       1816       1782       1820       1767       1819       1767       1813       1767 
         0          0          0          0          0          0          0          0          0          0          0          0 
         0          0          0          0          0          0          0          0          0          0          0          0 
       571        582        567        591        590        651        608        619        583        559        586        579 
];
router04=[         0          0          0          0          0          0          0          0          0          0          0          0 
      1188       1174       1187       1174       1176       1165       1185       1159       1184       1155       1185       1152 
         0          0          0          0          0          0          0          0          0          0          0          0 
         0          0          0          0          0          0          0          0          0          0          0          0 
       648        565        535        563        611        614        574        579        558        564        568        569 
];
router05=[         0          0          0          0          0          0          0          0          0          0          0          0 
      1114       1255       1108       1254       1105       1248       1101       1252       1101       1249       1104       1230 
         0          0          0          0          0          0          0          0          0          0          0          0 
         0          0          0          0          0          0          0          0          0          0          0          0 
       575        619        580        576        550        630        589        572        576        605        576        622 
];
router06=[         0          0          0          0          0          0          0          0          0          0          0          0 
      1141       1196       1144       1188       1143       1193       1134       1196       1128       1183       1134       1178 
         0          0          0          0          0          0          0          0          0          0          0          0 
         0          0          0          0          0          0          0          0          0          0          0          0 
       569        584        566        570        596        599        561        643        571        608        610        552 
];
router07=[         0          0          0          0          0          0          0          0          0          0          0          0 
      1179       1224       1177       1221       1170       1224       1177       1213       1175       1204       1186       1196 
         0          0          0          0          0          0          0          0          0          0          0          0 
         0          0          0          0          0          0          0          0          0          0          0          0 
       550        591        599        584        607        574        622        613        616        600        615        616 
];
router08=[         0          0          0          0          0          0          0          0          0          0          0          0 
       550        633        552        627        545        629        546        629        547        627        547        622 
         0          0          0          0          0          0          0          0          0          0          0          0 
         0          0          0          0          0          0          0          0          0          0          0          0 
       564        605        571        618        577        609        594        592        589        545        564        601 
];
router09=[         0          0          0          0          0          0          0          0          0          0          0          0 
       609        558        607        561        605        561        603        556        607        553        609        550 
         0          0          0          0          0          0          0          0          0          0          0          0 
         0          0          0          0          0          0          0          0          0          0          0          0 
       613        542        621        618        596        572        633        604        586        594        550        607 
];
router10=[         0          0          0          0          0          0          0          0          0          0          0          0 
       592        581        597        579        594        580        596        577        592        577        598        575 
         0          0          0          0          0          0          0          0          0          0          0          0 
         0          0          0          0          0          0          0          0          0          0          0          0 
       575        551        550        561        581        572        581        591        599        571        590        601 
];
