router00=[         0          0          0          0          0          0          0          0          0          0          0          0 
      6084       6229       5951       6294       6467       5855       6356       6226       6222       6022       6347       6261 
         0          0          0          0          0          0          0          0          0          0          0          0 
     17604      17964      17887      17730      17495      18536      17886      17940      17722      17901      17804      17916 
         0          0          0          0          0          0          0          0          0          0          0          0 
];
router01=[         0          0          0          0          0          0          0          0          0          0          0          0 
      7450       8319       8051       8259       7487       8470       7661       8576       8001       8500       7977       8329 
         0          0          0          0          0          0          0          0          0          0          0          0 
     37718      38599      39663      39086      40069      39771      40075      40460      38408      39496      41294      39391 
     13993      13735      12798      12625      18681      19188      12457      12900      12319      14922      12892      10420 
];
router02=[         0          0          0          0          0          0          0          0          0          0          0          0 
      3884       3640       3760       3631       3532       3489       3528       4016       4400       3247       3652       3949 
         0          0          0          0          0          0          0          0          0          0          0          0 
      6212       6428       6387       5710       6283       6284       5611       5876       6435       6055       5940       6267 
      1668       2587       2908       2118       2433       2399       3181       1832       2173       2808       2435       2178 
];
router03=[         0          0          0          0          0          0          0          0          0          0          0          0 
      1885       2109       2002       1986       1943       1955       1991       1939       1980       2040       1919       2056 
         0          0          0          0          0          0          0          0          0          0          0          0 
         0          0          0          0          0          0          0          0          0          0          0          0 
       621        634        615        632        673        665        676        667        636        629        645        647 
];
router04=[         0          0          0          0          0          0          0          0          0          0          0          0 
      1250       1302       1241       1304       1243       1284       1262       1272       1258       1268       1254       1272 
         0          0          0          0          0          0          0          0          0          0          0          0 
         0          0          0          0          0          0          0          0          0          0          0          0 
       698        593        597        612        636        653        632        608        603        589        621        594 
];
router05=[         0          0          0          0          0          0          0          0          0          0          0          0 
      1236       1322       1237       1299       1259       1284       1260       1289       1248       1291       1250       1297 
         0          0          0          0          0          0          0          0          0          0          0          0 
         0          0          0          0          0          0          0          0          0          0          0          0 
       612        656        613        615        608        672        634        620        617        658        612        649 
];
router06=[         0          0          0          0          0          0          0          0          0          0          0          0 
      1219       1262       1214       1258       1211       1258       1213       1254       1207       1246       1216       1241 
         0          0          0          0          0          0          0          0          0          0          0          0 
         0          0          0          0          0          0          0          0          0          0          0          0 
       645        628        612        605        627        647        611        659        607        662        635        600 
];
router07=[         0          0          0          0          0          0          0          0          0          0          0          0 
      1280       1288       1266       1286       1271       1287       1275       1281       1270       1275       1269       1267 
         0          0          0          0          0          0          0          0          0          0          0          0 
         0          0          0          0          0          0          0          0          0          0          0          0 
       599        638        648        636        640        615        639        649        641        659        666        652 
];
router08=[         0          0          0          0          0          0          0          0          0          0          0          0 
       608        662        613        659        615        655        613        652        615        653        609        658 
         0          0          0          0          0          0          0          0          0          0          0          0 
         0          0          0          0          0          0          0          0          0          0          0          0 
       618        658        644        632        640        643        632        645        653        609        592        631 
];
router09=[         0          0          0          0          0          0          0          0          0          0          0          0 
       554        711        555        711        555        708        555        707        556        703        555        703 
         0          0          0          0          0          0          0          0          0          0          0          0 
         0          0          0          0          0          0          0          0          0          0          0          0 
       646        587        653        634        648        615        689        700        641        634        587        666 
];
router10=[         0          0          0          0          0          0          0          0          0          0          0          0 
       620        629        620        621        625        620        624        623        618        620        618        618 
         0          0          0          0          0          0          0          0          0          0          0          0 
         0          0          0          0          0          0          0          0          0          0          0          0 
       584        568        590        607        624        612        620        644        624        611        614        639 
];
