router00=[         0          0          0          0          0          0          0          0          0          0          0          0 
      3820       3872       3992       3637       3646       3724       3965       3871       4108       3888       4053       3974 
         0          0          0          0          0          0          0          0          0          0          0          0 
     12610      12777      12316      12707      12516      13235      12803      12709      12357      12047      12576      13072 
         0          0          0          0          0          0          0          0          0          0          0          0 
];
router01=[         0          0          0          0          0          0          0          0          0          0          0          0 
      4168       4741       4556       4805       5153       4720       4843       4710       4981       5069       4984       5227 
         0          0          0          0          0          0          0          0          0          0          0          0 
     21465      21117      20503      22557      21641      20751      22486      21860      21425      21692      21455      21112 
      4551       6759       8984       7457       5729       6224       8068       6743      11613       4982       7304       6496 
];
router02=[         0          0          0          0          0          0          0          0          0          0          0          0 
      2783       2563       2680       2945       2518       2715       2375       2629       2822       2669       2548       2343 
         0          0          0          0          0          0          0          0          0          0          0          0 
      4169       3953       4091       4209       3981       4111       4040       4284       3791       3990       4259       3597 
      1072       2406       1243       1627       1684       1101       1035       1727       1723       1036       1224        897 
];
router03=[         0          0          0          0          0          0          0          0          0          0          0          0 
      1849       1927       1867       1893       1832       1862       1858       1887       1888       1848       1927       1910 
         0          0          0          0          0          0          0          0          0          0          0          0 
         0          0          0          0          0          0          0          0          0          0          0          0 
       572        610        589        598        614        659        651        645        608        580        606        602 
];
router04=[         0          0          0          0          0          0          0          0          0          0          0          0 
      1235       1203       1233       1194       1239       1186       1240       1179       1244       1172       1247       1168 
         0          0          0          0          0          0          0          0          0          0          0          0 
         0          0          0          0          0          0          0          0          0          0          0          0 
       673        573        549        582        614        630        595        594        575        568        593        572 
];
router05=[         0          0          0          0          0          0          0          0          0          0          0          0 
      1190       1236       1188       1226       1183       1224       1188       1226       1180       1227       1188       1222 
         0          0          0          0          0          0          0          0          0          0          0          0 
         0          0          0          0          0          0          0          0          0          0          0          0 
       599        636        598        588        583        649        592        591        598        626        590        629 
];
router06=[         0          0          0          0          0          0          0          0          0          0          0          0 
      1152       1250       1140       1252       1145       1255       1144       1244       1146       1239       1151       1236 
         0          0          0          0          0          0          0          0          0          0          0          0 
         0          0          0          0          0          0          0          0          0          0          0          0 
       609        599        586        590        601        615        575        634        583        633        612        580 
];
router07=[         0          0          0          0          0          0          0          0          0          0          0          0 
      1140       1329       1132       1332       1126       1331       1129       1330       1127       1319       1133       1307 
         0          0          0          0          0          0          0          0          0          0          0          0 
         0          0          0          0          0          0          0          0          0          0          0          0 
       553        609        618        609        623        590        621        630        623        628        628        643 
];
router08=[         0          0          0          0          0          0          0          0          0          0          0          0 
       660        564        660        558        665        552        669        549        667        548        664        551 
         0          0          0          0          0          0          0          0          0          0          0          0 
         0          0          0          0          0          0          0          0          0          0          0          0 
       585        630        599        612        596        631        607        621        618        569        554        609 
];
router09=[         0          0          0          0          0          0          0          0          0          0          0          0 
       641        552        643        549        641        556        637        546        643        542        644        542 
         0          0          0          0          0          0          0          0          0          0          0          0 
         0          0          0          0          0          0          0          0          0          0          0          0 
       609        555        625        626        604        602        661        643        592        613        577        632 
];
router10=[         0          0          0          0          0          0          0          0          0          0          0          0 
       558        651        562        648        559        650        556        650        557        644        559        640 
         0          0          0          0          0          0          0          0          0          0          0          0 
         0          0          0          0          0          0          0          0          0          0          0          0 
       579        560        565        585        602        571        600        616        621        587        604        629 
];
