router00=[         0          0          0          0          0          0          0          0          0          0          0          0 
      7614       7292       7169       7372       7115       7452       7822       7784       7737       7485       7476       7466 
         0          0          0          0          0          0          0          0          0          0          0          0 
     21064      21229      21843      21478      22442      21210      21277      21741      21234      20906      21529      21906 
         0          0          0          0          0          0          0          0          0          0          0          0 
];
router01=[         0          0          0          0          0          0          0          0          0          0          0          0 
     10748      10236      10229      10515      10626      10778      10368      11154      10625       9900      10402      10497 
         0          0          0          0          0          0          0          0          0          0          0          0 
     57357      57300      56229      55112      54962      56686      56040      56358      56690      56556      58250      58349 
     22666      21707      30451      18078      16592      19952      24704      22505      20719      19229      22339      19672 
];
router02=[         0          0          0          0          0          0          0          0          0          0          0          0 
      6290       6407       6024       6230       5986       6869       6277       6124       6371       5620       5592       5619 
         0          0          0          0          0          0          0          0          0          0          0          0 
     10027      11082      11581      11653       9711      10949      10647      10833      10038       9733       9276       9427 
      4718       3871       3966       2708       3944       3015       5646       4960       6384       2990       4622       3177 
];
router03=[         0          0          0          0          0          0          0          0          0          0          0          0 
      2223       2071       2167       2062       2348       2234       2375       2074       2154       2012       2240       2056 
         0          0          0          0          0          0          0          0          0          0          0          0 
         0          0          0          0          0          0          0          0          0          0          0          0 
       653        687        696        666        701        801        699        733        698        682        673        688 
];
router04=[         0          0          0          0          0          0          0          0          0          0          0          0 
      1305       1302       1312       1303       1316       1288       1326       1275       1316       1285       1317       1284 
         0          0          0          0          0          0          0          0          0          0          0          0 
         0          0          0          0          0          0          0          0          0          0          0          0 
       721        606        612        631        668        691        661        646        621        601        626        595 
];
router05=[         0          0          0          0          0          0          0          0          0          0          0          0 
      1307       1306       1310       1300       1308       1294       1311       1305       1293       1298       1305       1284 
         0          0          0          0          0          0          0          0          0          0          0          0 
         0          0          0          0          0          0          0          0          0          0          0          0 
       607        651        629        640        617        699        628        637        634        670        633        671 
];
router06=[         0          0          0          0          0          0          0          0          0          0          0          0 
      1278       1331       1218       1326       1215       1328       1221       1327       1222       1302       1230       1302 
         0          0          0          0          0          0          0          0          0          0          0          0 
         0          0          0          0          0          0          0          0          0          0          0          0 
       653        638        615        617        670        660        630        671        643        688        648        627 
];
router07=[         0          0          0          0          0          0          0          0          0          0          0          0 
      1238       1388       1242       1377       1231       1375       1245       1361       1240       1361       1241       1356 
         0          0          0          0          0          0          0          0          0          0          0          0 
         0          0          0          0          0          0          0          0          0          0          0          0 
       611        644        668        663        660        641        675        671        659        674        679        681 
];
router08=[         0          0          0          0          0          0          0          0          0          0          0          0 
       614        696        610        694        609        694        608        688        611        690        610        683 
         0          0          0          0          0          0          0          0          0          0          0          0 
         0          0          0          0          0          0          0          0          0          0          0          0 
       645        667        660        666        646        654        656        657        661        628        629        650 
];
router09=[         0          0          0          0          0          0          0          0          0          0          0          0 
       641        648        638        649        636        650        632        649        634        647        638        639 
         0          0          0          0          0          0          0          0          0          0          0          0 
         0          0          0          0          0          0          0          0          0          0          0          0 
       670        604        669        664        658        640        697        730        651        659        598        677 
];
router10=[         0          0          0          0          0          0          0          0          0          0          0          0 
       573        707        571        703        576        699        578        691        578        692        575        696 
         0          0          0          0          0          0          0          0          0          0          0          0 
         0          0          0          0          0          0          0          0          0          0          0          0 
       614        609        606        626        659        635        643        658        633        619        619        671 
];
