router00=[         0          0          0          0          0          0          0          0          0          0          0          0 
     18225      18483      17813      17957      18050      18145      18464      19335      18663      18252      18479      18323 
         0          0          0          0          0          0          0          0          0          0          0          0 
     48880      48063      48848      47879      49741      48677      48140      48553      48943      48872      48376      48565 
         0          0          0          0          0          0          0          0          0          0          0          0 
];
router01=[         0          0          0          0          0          0          0          0          0          0          0          0 
     28793      30742      30546      30411      29352      29845      29234      29353      28886      30796      30491      29687 
         0          0          0          0          0          0          0          0          0          0          0          0 
    194030     198060     195975     195947     198407     196756     196333     195573     194875     196118     193773     195016 
     94171      90960     108837      99012      79502      95889      92282      95152      93671      89045      99287      91542 
];
router02=[         0          0          0          0          0          0          0          0          0          0          0          0 
     26842      28433      27221      27227      28785      27673      27629      27330      25813      29075      26237      25563 
         0          0          0          0          0          0          0          0          0          0          0          0 
     53238      51310      50487      50749      52742      53364      52815      52543      52097      53233      52630      51455 
     28297      28742      32065      26958      27833      23273      21493      23317      27811      27539      22486      24723 
];
router03=[         0          0          0          0          0          0          0          0          0          0          0          0 
      4148       4557       4620       4474       4970       4512       5960       4580       4556       4791       4772       4901 
         0          0          0          0          0          0          0          0          0          0          0          0 
         0          0          0          0          0          0          0          0          0          0          0          0 
      1343       1267        968       1139       1140       1545       1285       1252       1343       1305       1096       1131 
];
router04=[         0          0          0          0          0          0          0          0          0          0          0          0 
      1412       1399       1420       1403       1416       1393       1419       1382       1417       1386       1411       1381 
         0          0          0          0          0          0          0          0          0          0          0          0 
         0          0          0          0          0          0          0          0          0          0          0          0 
       765        682        658        679        692        699        720        701        674        639        676        647 
];
router05=[         0          0          0          0          0          0          0          0          0          0          0          0 
      1401       1411       1401       1408       1392       1403       1408       1401       1396       1398       1399       1394 
         0          0          0          0          0          0          0          0          0          0          0          0 
         0          0          0          0          0          0          0          0          0          0          0          0 
       666        691        685        717        699        720        671        695        664        717        706        751 
];
router06=[         0          0          0          0          0          0          0          0          0          0          0          0 
      1532       1603       1635       1491       1520       1474       1596       1593       1529       1620       1410       1383 
         0          0          0          0          0          0          0          0          0          0          0          0 
         0          0          0          0          0          0          0          0          0          0          0          0 
       709        718        656        718        688        765        706        727        808        815        856        688 
];
router07=[         0          0          0          0          0          0          0          0          0          0          0          0 
      2085       1960       1650       1712       1727       1743       1851       1656       1732       1816       1867       1537 
         0          0          0          0          0          0          0          0          0          0          0          0 
         0          0          0          0          0          0          0          0          0          0          0          0 
       820        970        715        723        801        685        791        789        762       1006        732        769 
];
router08=[         0          0          0          0          0          0          0          0          0          0          0          0 
       663        751        663        748        666        743        668        738        667        741        668        737 
         0          0          0          0          0          0          0          0          0          0          0          0 
         0          0          0          0          0          0          0          0          0          0          0          0 
       703        711        723        722        708        689        700        688        710        655        665        709 
];
router09=[         0          0          0          0          0          0          0          0          0          0          0          0 
       662        726        658        725        656        729        656        725        654        720        658        720 
         0          0          0          0          0          0          0          0          0          0          0          0 
         0          0          0          0          0          0          0          0          0          0          0          0 
       725        675        712        707        715        716        691        766        688        729        658        735 
];
router10=[         0          0          0          0          0          0          0          0          0          0          0          0 
       719        664        724        662        726        654        724        652        725        657        724        653 
         0          0          0          0          0          0          0          0          0          0          0          0 
         0          0          0          0          0          0          0          0          0          0          0          0 
       690        672        661        692        683        693        696        719        705        672        699        683 
];
