router00=[         0          0          0          0          0          0          0          0          0          0          0          0 
      8116       8880       8298       8550       8205       8322       8599       8217       7828       8675       8194       8417 
         0          0          0          0          0          0          0          0          0          0          0          0 
     24083      23856      23075      23887      23716      23442      23107      22824      23652      23693      23957      23974 
         0          0          0          0          0          0          0          0          0          0          0          0 
];
router01=[         0          0          0          0          0          0          0          0          0          0          0          0 
     12624      12559      12162      11949      13372      11890      12052      12640      12309      12420      12648      12208 
         0          0          0          0          0          0          0          0          0          0          0          0 
     67513      65795      64484      66436      65072      64580      65595      64935      64668      66396      66309      67228 
     22164      21845      23515      24013      20792      25035      29782      29044      28730      28558      30722      26580 
];
router02=[         0          0          0          0          0          0          0          0          0          0          0          0 
      7327       6690       7277       6709       6646       7147       6336       6843       6273       6424       6297       6268 
         0          0          0          0          0          0          0          0          0          0          0          0 
     10652      12083      10811      11032      11087      10768      11575      10635      10702      11466      11513      10908 
      4472       4081       5543       3480       6050       3509       3540       3468       5779       6380       4098       3883 
];
router03=[         0          0          0          0          0          0          0          0          0          0          0          0 
      2479       2208       2380       2612       2297       2277       2368       2439       2452       2495       2325       2594 
         0          0          0          0          0          0          0          0          0          0          0          0 
         0          0          0          0          0          0          0          0          0          0          0          0 
       688        693        654        715        851        810        698        675        739        660        697        686 
];
router04=[         0          0          0          0          0          0          0          0          0          0          0          0 
      1303       1336       1300       1338       1307       1324       1304       1325       1304       1329       1296       1325 
         0          0          0          0          0          0          0          0          0          0          0          0 
         0          0          0          0          0          0          0          0          0          0          0          0 
       720        620        628        630        671        695        676        658        612        608        626        589 
];
router05=[         0          0          0          0          0          0          0          0          0          0          0          0 
      1298       1355       1291       1360       1289       1349       1290       1347       1292       1343       1289       1340 
         0          0          0          0          0          0          0          0          0          0          0          0 
         0          0          0          0          0          0          0          0          0          0          0          0 
       608        656        641        650        637        705        633        634        645        678        644        688 
];
router06=[         0          0          0          0          0          0          0          0          0          0          0          0 
      1372       1253       1325       1245       1344       1240       1346       1295       1387       1221       1339       1233 
         0          0          0          0          0          0          0          0          0          0          0          0 
         0          0          0          0          0          0          0          0          0          0          0          0 
       657        655        611        647        662        687        648        672        643        686        641        624 
];
router07=[         0          0          0          0          0          0          0          0          0          0          0          0 
      1349       1309       1356       1296       1357       1330       1437       1308       1357       1291       1363       1283 
         0          0          0          0          0          0          0          0          0          0          0          0 
         0          0          0          0          0          0          0          0          0          0          0          0 
       613        639        670        708        678        650        684        687        654        694        677        683 
];
router08=[         0          0          0          0          0          0          0          0          0          0          0          0 
       642        677        646        670        644        672        641        671        645        663        645        669 
         0          0          0          0          0          0          0          0          0          0          0          0 
         0          0          0          0          0          0          0          0          0          0          0          0 
       647        663        668        662        661        674        673        670        657        633        638        658 
];
router09=[         0          0          0          0          0          0          0          0          0          0          0          0 
       563        743        565        738        570        729        566        727        570        731        568        732 
         0          0          0          0          0          0          0          0          0          0          0          0 
         0          0          0          0          0          0          0          0          0          0          0          0 
       674        633        674        681        672        651        692        736        664        667        606        688 
];
router10=[         0          0          0          0          0          0          0          0          0          0          0          0 
       608        686        609        687        606        684        608        678        611        681        606        676 
         0          0          0          0          0          0          0          0          0          0          0          0 
         0          0          0          0          0          0          0          0          0          0          0          0 
       642        615        611        638        664        644        649        669        641        624        624        669 
];
