router00=[         0          0          0          0          0          0          0          0          0          0          0          0 
     14173      14842      14496      14595      14258      13961      13940      14370      13603      13957      13724      13923 
         0          0          0          0          0          0          0          0          0          0          0          0 
     37314      36935      37635      37035      37719      38068      37687      38539      38248      37411      37055      37313 
         0          0          0          0          0          0          0          0          0          0          0          0 
];
router01=[         0          0          0          0          0          0          0          0          0          0          0          0 
     20484      19924      20073      20783      20587      21261      21329      21362      21130      20819      21617      22155 
         0          0          0          0          0          0          0          0          0          0          0          0 
    129027     131134     129135     128853     128708     133425     128582     134206     130544     131241     128601     132451 
     55275      54814      62196      67578      60284      64174      54006      60206      66519      55046      55339      64509 
];
router02=[         0          0          0          0          0          0          0          0          0          0          0          0 
     15653      15077      14566      14380      14967      15023      13551      15173      15430      15169      15207      15049 
         0          0          0          0          0          0          0          0          0          0          0          0 
     25898      28022      26447      26001      26478      27225      27349      27158      28198      27497      28094      28268 
     10129      17463      12654      12995      11161       8277      13371      14528      13170      12047      14916      14137 
];
router03=[         0          0          0          0          0          0          0          0          0          0          0          0 
      3005       3079       2742       3366       3080       2942       2999       3580       3191       2817       3368       3264 
         0          0          0          0          0          0          0          0          0          0          0          0 
         0          0          0          0          0          0          0          0          0          0          0          0 
       893        727        979        931       1081        884       1022        949        941        824        753        766 
];
router04=[         0          0          0          0          0          0          0          0          0          0          0          0 
      1369       1366       1369       1371       1362       1354       1394       1346       1377       1358       1371       1348 
         0          0          0          0          0          0          0          0          0          0          0          0 
         0          0          0          0          0          0          0          0          0          0          0          0 
       744        659        636        671        686        696        693        690        643        611        655        633 
];
router05=[         0          0          0          0          0          0          0          0          0          0          0          0 
      1325       1429       1323       1424       1324       1411       1326       1391       1336       1393       1331       1398 
         0          0          0          0          0          0          0          0          0          0          0          0 
         0          0          0          0          0          0          0          0          0          0          0          0 
       654        692        664        669        690        736        669        689        655        711        663        714 
];
router06=[         0          0          0          0          0          0          0          0          0          0          0          0 
      1335       1414       1346       1369       1361       1352       1352       1377       1333       1336       1344       1339 
         0          0          0          0          0          0          0          0          0          0          0          0 
         0          0          0          0          0          0          0          0          0          0          0          0 
       697        754        651        705        680        714        682        723        674        726        648        648 
];
router07=[         0          0          0          0          0          0          0          0          0          0          0          0 
      1487       1494       1407       1466       1734       1774       1557       1572       1539       1686       1543       1460 
         0          0          0          0          0          0          0          0          0          0          0          0 
         0          0          0          0          0          0          0          0          0          0          0          0 
       712        686        731        766        692        723        821        701        834        774        721        760 
];
router08=[         0          0          0          0          0          0          0          0          0          0          0          0 
       693        678        695        671        701        666        705        664        702        666        697        670 
         0          0          0          0          0          0          0          0          0          0          0          0 
         0          0          0          0          0          0          0          0          0          0          0          0 
       674        695        707        672        679        680        688        701        676        648        650        703 
];
router09=[         0          0          0          0          0          0          0          0          0          0          0          0 
       620        725        618        731        619        727        618        728        612        734        611        723 
         0          0          0          0          0          0          0          0          0          0          0          0 
         0          0          0          0          0          0          0          0          0          0          0          0 
       713        658        701        701        693        695        696        762        686        682        635        718 
];
router10=[         0          0          0          0          0          0          0          0          0          0          0          0 
       647        706        645        698        647        694        646        699        647        694        645        687 
         0          0          0          0          0          0          0          0          0          0          0          0 
         0          0          0          0          0          0          0          0          0          0          0          0 
       651        642        657        667        672        679        680        694        680        658        668        684 
];
