router00=[         0          0          0          0          0          0          0          0          0          0 
       963        961       1015        809        837        783        718        844        897        954 
         0          0          0          0          0          0          0          0          0          0 
      5236       5508       5456       5586       5593       5048       8370       6842       4939       5693 
         0          0          0          0          0          0          0          0          0          0 
];
router01=[         0          0          0          0          0          0          0          0          0          0 
       978       1029       1075       1045        664        963        811        883        762        819 
         0          0          0          0          0          0          0          0          0          0 
      3325       3205       2896       3425       3542       3457       5648       5467       3864       3220 
      2022       1877       1233       1438        845       1120       1791        319       1504        496 
];
router02=[         0          0          0          0          0          0          0          0          0          0 
       436        496        656        804        591        474        586        407        397        410 
         0          0          0          0          0          0          0          0          0          0 
       819        882        680        781        820        795       1091       1009        590        581 
       166        376         79        125        181        681        116        563        288        274 
];
router03=[         0          0          0          0          0          0          0          0          0          0 
       235        262        247        267        237        261        230        258        239        248 
         0          0          0          0          0          0          0          0          0          0 
         0          0          0          0          0          0          0          0          0          0 
        99         80         95         94         85         75         81         94         74         87 
];
router04=[         0          0          0          0          0          0          0          0          0          0 
       144        191        149        189        146        184        146        176        149        175 
         0          0          0          0          0          0          0          0          0          0 
         0          0          0          0          0          0          0          0          0          0 
        95         74         79         82         72         74         87         79         87         81 
];
router05=[         0          0          0          0          0          0          0          0          0          0 
       134        193        145        188        135        186        134        183        133        178 
         0          0          0          0          0          0          0          0          0          0 
         0          0          0          0          0          0          0          0          0          0 
        81         69         83         71         81         94         73         87         80         69 
];
router06=[         0          0          0          0          0          0          0          0          0          0 
       139        185        147        186        140        180        144        178        141        177 
         0          0          0          0          0          0          0          0          0          0 
         0          0          0          0          0          0          0          0          0          0 
        69         69         87         83         91         95         86         80         75         87 
];
router07=[         0          0          0          0          0          0          0          0          0          0 
       137        194        143        191        141        190        133        191        135        182 
         0          0          0          0          0          0          0          0          0          0 
         0          0          0          0          0          0          0          0          0          0 
        86         79         94         80         64         75         83         85         96         91 
];
router08=[         0          0          0          0          0          0          0          0          0          0 
        50        121         52        121         51        120         49        119         47        116 
         0          0          0          0          0          0          0          0          0          0 
         0          0          0          0          0          0          0          0          0          0 
        75         87         76         82         88         82         82         80         75         74 
];
router09=[         0          0          0          0          0          0          0          0          0          0 
        43        118         41        118         39        115         40        113         40        108 
         0          0          0          0          0          0          0          0          0          0 
         0          0          0          0          0          0          0          0          0          0 
        84         74         77         77         81         91         97         91         97         67 
];
router10=[         0          0          0          0          0          0          0          0          0          0 
        33        130         34        127         35        127         35        125         35        121 
         0          0          0          0          0          0          0          0          0          0 
         0          0          0          0          0          0          0          0          0          0 
        89         95         83         88         89         66         75         81         75         74 
];
router11=[         0          0          0          0          0          0          0          0          0          0 
        79         82         82         82         83         82         82         79         80         76 
         0          0          0          0          0          0          0          0          0          0 
         0          0          0          0          0          0          0          0          0          0 
        91         99         87         83         61         95         79         84         80         73 
];
router12=[         0          0          0          0          0          0          0          0          0          0 
         0          0          0          0          0          0          0          0          0          0 
         0          0          0          0          0          0          0          0          0          0 
         0          0          0          0          0          0          0          0          0          0 
        64         70         80         92         78         97         89         86         88        102 
];
router13=[         0          0          0          0          0          0          0          0          0          0 
         0          0          0          0          0          0          0          0          0          0 
         0          0          0          0          0          0          0          0          0          0 
         0          0          0          0          0          0          0          0          0          0 
        76         75         63         97         83         58         86         74         84         77 
];
