router00=[         0          0          0          0          0          0          0          0          0          0 
       680        743        480        877        605        648        701        856        565        674 
         0          0          0          0          0          0          0          0          0          0 
      3514       3412       3701       3866       3823       3734       5929       5031       3244       3768 
         0          0          0          0          0          0          0          0          0          0 
];
router01=[         0          0          0          0          0          0          0          0          0          0 
       514        756        633        461        440        464        442        518        364        506 
         0          0          0          0          0          0          0          0          0          0 
      1592       1857       1995       1998       1942       2009       3033       3061       1890       1958 
       690       1106       1926        226        505        415        295        282        949        446 
];
router02=[         0          0          0          0          0          0          0          0          0          0 
       230        282        253        266        252        231        269        303        265        301 
         0          0          0          0          0          0          0          0          0          0 
       336        329        345        398        353        370        462        323        366        328 
        83         77        124         95         82         81         81         84         84         62 
];
router03=[         0          0          0          0          0          0          0          0          0          0 
       261        224        272        221        264        217        264        215        262        210 
         0          0          0          0          0          0          0          0          0          0 
         0          0          0          0          0          0          0          0          0          0 
       100         76         85         93         86         74         78         83         74         77 
];
router04=[         0          0          0          0          0          0          0          0          0          0 
       133        193        135        191        127        189        130        186        134        178 
         0          0          0          0          0          0          0          0          0          0 
         0          0          0          0          0          0          0          0          0          0 
       102         72         76         79         68         77         80         72         88         79 
];
router05=[         0          0          0          0          0          0          0          0          0          0 
       114        201        119        198        114        196        114        190        114        185 
         0          0          0          0          0          0          0          0          0          0 
         0          0          0          0          0          0          0          0          0          0 
        81         74         77         75         75         86         70         84         74         69 
];
router06=[         0          0          0          0          0          0          0          0          0          0 
       134        186        139        183        133        180        136        177        131        169 
         0          0          0          0          0          0          0          0          0          0 
         0          0          0          0          0          0          0          0          0          0 
        69         67         76         86         94        100         85         71         72         79 
];
router07=[         0          0          0          0          0          0          0          0          0          0 
       151        178        153        172        150        168        148        165        150        159 
         0          0          0          0          0          0          0          0          0          0 
         0          0          0          0          0          0          0          0          0          0 
        82         77         95         77         66         72         84         86         91         89 
];
router08=[         0          0          0          0          0          0          0          0          0          0 
        46        124         46        121         45        121         44        118         45        114 
         0          0          0          0          0          0          0          0          0          0 
         0          0          0          0          0          0          0          0          0          0 
        73         81         74         81         83         79         77         83         76         66 
];
router09=[         0          0          0          0          0          0          0          0          0          0 
        36        118         36        117         36        115         36        113         38        110 
         0          0          0          0          0          0          0          0          0          0 
         0          0          0          0          0          0          0          0          0          0 
        78         72         71         78         77         92         87         80         87         69 
];
router10=[         0          0          0          0          0          0          0          0          0          0 
        38        124         38        123         39        118         39        118         37        116 
         0          0          0          0          0          0          0          0          0          0 
         0          0          0          0          0          0          0          0          0          0 
        89         87         82         87         88         60         74         76         73         62 
];
router11=[         0          0          0          0          0          0          0          0          0          0 
        65         93         67         91         66         88         66         87         64         85 
         0          0          0          0          0          0          0          0          0          0 
         0          0          0          0          0          0          0          0          0          0 
        90         95         89         82         64         90         77         82         80         74 
];
router12=[         0          0          0          0          0          0          0          0          0          0 
         0          0          0          0          0          0          0          0          0          0 
         0          0          0          0          0          0          0          0          0          0 
         0          0          0          0          0          0          0          0          0          0 
        71         65         75         91         80         92         86         83         84         97 
];
router13=[         0          0          0          0          0          0          0          0          0          0 
         0          0          0          0          0          0          0          0          0          0 
         0          0          0          0          0          0          0          0          0          0 
         0          0          0          0          0          0          0          0          0          0 
        74         69         63         95         84         55         84         73         81         77 
];
