router00=[         0          0          0          0          0          0          0          0          0          0 
       434        596        591        702        543        521        584        493        456        650 
         0          0          0          0          0          0          0          0          0          0 
      2670       2448       2539       2601       2629       2551       4048       3436       2321       2919 
         0          0          0          0          0          0          0          0          0          0 
];
router01=[         0          0          0          0          0          0          0          0          0          0 
       268        422        401        316        430        334        339        284        471        351 
         0          0          0          0          0          0          0          0          0          0 
      1194       1298       1303       1140       1272       1234       1937       2020       1440       1277 
       192        380        850        411        118        433        386        154        232        508 
];
router02=[         0          0          0          0          0          0          0          0          0          0 
       235        269        268        274        235        325        301        298        230        230 
         0          0          0          0          0          0          0          0          0          0 
       311        418        328        359        408        407        452        408        328        400 
        87         88         67        124        115        242        197         71         73         81 
];
router03=[         0          0          0          0          0          0          0          0          0          0 
       231        245        239        242        232        239        232        233        236        225 
         0          0          0          0          0          0          0          0          0          0 
         0          0          0          0          0          0          0          0          0          0 
       101         73         80         90         80         78         85         77         75         77 
];
router04=[         0          0          0          0          0          0          0          0          0          0 
       150        169        154        164        149        157        156        156        153        153 
         0          0          0          0          0          0          0          0          0          0 
         0          0          0          0          0          0          0          0          0          0 
       100         69         74         84         61         70         80         72         89         85 
];
router05=[         0          0          0          0          0          0          0          0          0          0 
       127        184        127        180        125        177        122        172        126        170 
         0          0          0          0          0          0          0          0          0          0 
         0          0          0          0          0          0          0          0          0          0 
        84         71         74         75         74         85         70         79         76         69 
];
router06=[         0          0          0          0          0          0          0          0          0          0 
       136        181        137        174        133        169        130        166        133        162 
         0          0          0          0          0          0          0          0          0          0 
         0          0          0          0          0          0          0          0          0          0 
        70         63         76         88         95         95         80         72         70         75 
];
router07=[         0          0          0          0          0          0          0          0          0          0 
       140        175        146        173        142        174        139        172        136        166 
         0          0          0          0          0          0          0          0          0          0 
         0          0          0          0          0          0          0          0          0          0 
        85         72         92         69         69         71         81         79         88         85 
];
router08=[         0          0          0          0          0          0          0          0          0          0 
        47        119         46        120         45        115         45        115         46        110 
         0          0          0          0          0          0          0          0          0          0 
         0          0          0          0          0          0          0          0          0          0 
        69         78         75         82         79         79         79         75         74         63 
];
router09=[         0          0          0          0          0          0          0          0          0          0 
        35        116         35        114         35        111         36        111         35        109 
         0          0          0          0          0          0          0          0          0          0 
         0          0          0          0          0          0          0          0          0          0 
        74         74         65         74         76         86         93         75         86         71 
];
router10=[         0          0          0          0          0          0          0          0          0          0 
        70         87         72         86         72         83         72         83         71         80 
         0          0          0          0          0          0          0          0          0          0 
         0          0          0          0          0          0          0          0          0          0 
        87         85         81         80         85         55         71         70         70         63 
];
router11=[         0          0          0          0          0          0          0          0          0          0 
        62         91         64         89         65         87         63         85         63         84 
         0          0          0          0          0          0          0          0          0          0 
         0          0          0          0          0          0          0          0          0          0 
        92         90         86         82         60         97         75         75         79         74 
];
router12=[         0          0          0          0          0          0          0          0          0          0 
         0          0          0          0          0          0          0          0          0          0 
         0          0          0          0          0          0          0          0          0          0 
         0          0          0          0          0          0          0          0          0          0 
        77         64         72         86         82         89         87         79         80         91 
];
router13=[         0          0          0          0          0          0          0          0          0          0 
         0          0          0          0          0          0          0          0          0          0 
         0          0          0          0          0          0          0          0          0          0 
         0          0          0          0          0          0          0          0          0          0 
        72         70         65         94         78         54         80         72         76         76 
];
