router00=[         0          0          0          0          0          0          0          0          0          0 
       201        280        190        228        184        243        214        213        204        219 
         0          0          0          0          0          0          0          0          0          0 
       877        895        838        888        796        817       1084        966        848        891 
         0          0          0          0          0          0          0          0          0          0 
];
router01=[         0          0          0          0          0          0          0          0          0          0 
       181        222        180        212        169        206        168        203        165        219 
         0          0          0          0          0          0          0          0          0          0 
       520        528        565        520        521        539        632        568        557        516 
        78         66         82         62        133         71         71         71         73         77 
];
router02=[         0          0          0          0          0          0          0          0          0          0 
       182        214        190        212        183        204        180        206        182        201 
         0          0          0          0          0          0          0          0          0          0 
       271        266        274        249        279        257        283        255        279        247 
        68         63         54         61         63         71         72         70         71         67 
];
router03=[         0          0          0          0          0          0          0          0          0          0 
       170        229        181        229        171        227        167        223        166        219 
         0          0          0          0          0          0          0          0          0          0 
         0          0          0          0          0          0          0          0          0          0 
        74         63         65         76         64         65         70         60         60         80 
];
router04=[         0          0          0          0          0          0          0          0          0          0 
       102        162        103        159        102        151        105        149        101        147 
         0          0          0          0          0          0          0          0          0          0 
         0          0          0          0          0          0          0          0          0          0 
        74         53         51         64         56         65         81         67         74         74 
];
router05=[         0          0          0          0          0          0          0          0          0          0 
        81        164         87        163         83        159         84        157         82        152 
         0          0          0          0          0          0          0          0          0          0 
         0          0          0          0          0          0          0          0          0          0 
        80         61         60         65         61         81         64         77         57         58 
];
router06=[         0          0          0          0          0          0          0          0          0          0 
        85        179         84        180         82        171         86        165         88        163 
         0          0          0          0          0          0          0          0          0          0 
         0          0          0          0          0          0          0          0          0          0 
        45         56         62         78         81         81         64         71         64         67 
];
router07=[         0          0          0          0          0          0          0          0          0          0 
       103        165        108        162        106        157        105        152        106        149 
         0          0          0          0          0          0          0          0          0          0 
         0          0          0          0          0          0          0          0          0          0 
        67         57         76         67         47         61         76         72         80         66 
];
router08=[         0          0          0          0          0          0          0          0          0          0 
        38         96         38         93         37         90         39         87         40         86 
         0          0          0          0          0          0          0          0          0          0 
         0          0          0          0          0          0          0          0          0          0 
        61         62         73         62         64         66         60         67         66         56 
];
router09=[         0          0          0          0          0          0          0          0          0          0 
        28        101         27         98         25         97         25         95         26         93 
         0          0          0          0          0          0          0          0          0          0 
         0          0          0          0          0          0          0          0          0          0 
        59         65         47         53         56         64         63         56         77         58 
];
router10=[         0          0          0          0          0          0          0          0          0          0 
        43         98         42         95         41         90         44         90         44         89 
         0          0          0          0          0          0          0          0          0          0 
         0          0          0          0          0          0          0          0          0          0 
        69         57         57         72         75         54         52         54         55         61 
];
router11=[         0          0          0          0          0          0          0          0          0          0 
        42         90         44         89         41         86         41         83         42         83 
         0          0          0          0          0          0          0          0          0          0 
         0          0          0          0          0          0          0          0          0          0 
        72         81         62         73         53         74         69         55         67         67 
];
router12=[         0          0          0          0          0          0          0          0          0          0 
         0          0          0          0          0          0          0          0          0          0 
         0          0          0          0          0          0          0          0          0          0 
         0          0          0          0          0          0          0          0          0          0 
        54         61         62         68         61         61         69         63         71         74 
];
router13=[         0          0          0          0          0          0          0          0          0          0 
         0          0          0          0          0          0          0          0          0          0 
         0          0          0          0          0          0          0          0          0          0 
         0          0          0          0          0          0          0          0          0          0 
        66         58         56         76         72         45         66         65         50         61 
];
