router00=[         0          0          0          0          0          0          0          0          0          0 
      1146       1503       1376       1493       1126       1534        985       1160       1237       1193 
         0          0          0          0          0          0          0          0          0          0 
      7333       7707       7339       7650       7759       7669      12723       9703       6649       7327 
         0          0          0          0          0          0          0          0          0          0 
];
router01=[         0          0          0          0          0          0          0          0          0          0 
      1026       1027       1668       1317        912       1233       1079       1018       1129       1786 
         0          0          0          0          0          0          0          0          0          0 
      4946       4789       4151       4331       4228       4554       7881       7887       4863       4831 
      2283       1315       1040       4199       1665       5423       1215        867       1165       1627 
];
router02=[         0          0          0          0          0          0          0          0          0          0 
       600        893       1376       1013        969        843        526        864        672        730 
         0          0          0          0          0          0          0          0          0          0 
       971       1032       1082       1293       1299        872       1782       1192        882       1175 
       752       1400        332       1400        262        788        115        144        107         67 
];
router03=[         0          0          0          0          0          0          0          0          0          0 
       260        245        274        247        269        239        259        236        263        227 
         0          0          0          0          0          0          0          0          0          0 
         0          0          0          0          0          0          0          0          0          0 
       102         86        104        103         86         81         87         92         81         95 
];
router04=[         0          0          0          0          0          0          0          0          0          0 
       159        188        165        183        160        185        153        181        159        177 
         0          0          0          0          0          0          0          0          0          0 
         0          0          0          0          0          0          0          0          0          0 
        92         75         79         86         76         81         99         75         92         85 
];
router05=[         0          0          0          0          0          0          0          0          0          0 
       150        197        153        194        150        189        147        182        144        177 
         0          0          0          0          0          0          0          0          0          0 
         0          0          0          0          0          0          0          0          0          0 
        84         72         86         76         84         95         78         88         80         79 
];
router06=[         0          0          0          0          0          0          0          0          0          0 
       143        204        145        201        137        199        138        189        146        186 
         0          0          0          0          0          0          0          0          0          0 
         0          0          0          0          0          0          0          0          0          0 
        67         77         90         93         99         96         88         79         81         81 
];
router07=[         0          0          0          0          0          0          0          0          0          0 
       135        202        142        198        137        198        138        193        138        188 
         0          0          0          0          0          0          0          0          0          0 
         0          0          0          0          0          0          0          0          0          0 
        84         80        103         76         70         77         83         87         97         93 
];
router08=[         0          0          0          0          0          0          0          0          0          0 
        63        113         65        112         63        110         63        110         63        109 
         0          0          0          0          0          0          0          0          0          0 
         0          0          0          0          0          0          0          0          0          0 
        83         91         78         89         93         85         81         86         80         72 
];
router09=[         0          0          0          0          0          0          0          0          0          0 
        42        123         42        121         42        117         43        117         42        116 
         0          0          0          0          0          0          0          0          0          0 
         0          0          0          0          0          0          0          0          0          0 
        83         78         80         86         82        101        100        100         96         71 
];
router10=[         0          0          0          0          0          0          0          0          0          0 
        64        108         64        106         66        103         67        102         64         99 
         0          0          0          0          0          0          0          0          0          0 
         0          0          0          0          0          0          0          0          0          0 
        86         90         88         98         88         68         85         89         75         78 
];
router11=[         0          0          0          0          0          0          0          0          0          0 
        77         90         79         90         78         86         79         84         79         84 
         0          0          0          0          0          0          0          0          0          0 
         0          0          0          0          0          0          0          0          0          0 
        91        100         88         87         58         96         81         88         77         77 
];
router12=[         0          0          0          0          0          0          0          0          0          0 
         0          0          0          0          0          0          0          0          0          0 
         0          0          0          0          0          0          0          0          0          0 
         0          0          0          0          0          0          0          0          0          0 
        70         79         83         95         76         95         90         92         85        106 
];
router13=[         0          0          0          0          0          0          0          0          0          0 
         0          0          0          0          0          0          0          0          0          0 
         0          0          0          0          0          0          0          0          0          0 
         0          0          0          0          0          0          0          0          0          0 
        84         77         70        101         77         71         95         75         83         72 
];
