router00=[         0          0          0          0          0          0          0          0          0          0 
      1821       1892       1918       1726       1634       1815       1429       1427       1608       1417 
         0          0          0          0          0          0          0          0          0          0 
     10506      10599      10617      10339      10737      10054      17765      14667       9587      10463 
         0          0          0          0          0          0          0          0          0          0 
];
router01=[         0          0          0          0          0          0          0          0          0          0 
      1367       1722       1944       1602       1450       1472       1625       1330       1534       1635 
         0          0          0          0          0          0          0          0          0          0 
      6935       6969       7336       6696       7455       7109      11820      12652       7270       6734 
      2503       3424       3958       3421       4244       2898       4634       3477       2473       6050 
];
router02=[         0          0          0          0          0          0          0          0          0          0 
      1426       1260       2038       1483       1035       1436       1425       1471       1276       1309 
         0          0          0          0          0          0          0          0          0          0 
      2226       2386       1962       2118       2274       2096       3099       3566       2132       2114 
       448        746       2224        606        410       1729       1576        461        693        158 
];
router03=[         0          0          0          0          0          0          0          0          0          0 
       442        330        346        505        437        384        342        445        341        386 
         0          0          0          0          0          0          0          0          0          0 
         0          0          0          0          0          0          0          0          0          0 
       217        133        111        114         81        137        102        107        130        160 
];
router04=[         0          0          0          0          0          0          0          0          0          0 
       145        211        151        211        144        206        144        206        143        201 
         0          0          0          0          0          0          0          0          0          0 
         0          0          0          0          0          0          0          0          0          0 
        99         76         83         87         75         85         97         80         89         83 
];
router05=[         0          0          0          0          0          0          0          0          0          0 
       154        202        159        200        153        196        147        197        153        189 
         0          0          0          0          0          0          0          0          0          0 
         0          0          0          0          0          0          0          0          0          0 
        95         79         87         94         97         96         78         99         79         73 
];
router06=[         0          0          0          0          0          0          0          0          0          0 
       135        215        146        211        136        209        132        197        140        197 
         0          0          0          0          0          0          0          0          0          0 
         0          0          0          0          0          0          0          0          0          0 
        74         78         95         98        103         86         85         85         79         79 
];
router07=[         0          0          0          0          0          0          0          0          0          0 
       145        210        150        208        147        200        146        201        145        193 
         0          0          0          0          0          0          0          0          0          0 
         0          0          0          0          0          0          0          0          0          0 
        94         81        100         78         74         76         88         84         99         96 
];
router08=[         0          0          0          0          0          0          0          0          0          0 
        57        118         62        116         62        114         61        114         59        114 
         0          0          0          0          0          0          0          0          0          0 
         0          0          0          0          0          0          0          0          0          0 
        94         98         79         94        100         87         85         89         80         81 
];
router09=[         0          0          0          0          0          0          0          0          0          0 
        52        116         53        115         52        110         55        110         52        108 
         0          0          0          0          0          0          0          0          0          0 
         0          0          0          0          0          0          0          0          0          0 
        94         80         88         91         89        102        112        102         91         73 
];
router10=[         0          0          0          0          0          0          0          0          0          0 
        49        131         49        128         46        126         47        123         49        121 
         0          0          0          0          0          0          0          0          0          0 
         0          0          0          0          0          0          0          0          0          0 
        89         92         91         99         88         65         86         86         77         75 
];
router11=[         0          0          0          0          0          0          0          0          0          0 
        68        109         70        107         70        106         68        105         68        102 
         0          0          0          0          0          0          0          0          0          0 
         0          0          0          0          0          0          0          0          0          0 
        91         99         94         95         67         93         88         89         78         78 
];
router12=[         0          0          0          0          0          0          0          0          0          0 
         0          0          0          0          0          0          0          0          0          0 
         0          0          0          0          0          0          0          0          0          0 
         0          0          0          0          0          0          0          0          0          0 
        79         73         81         89         77         96         97         92         84        108 
];
router13=[         0          0          0          0          0          0          0          0          0          0 
         0          0          0          0          0          0          0          0          0          0 
         0          0          0          0          0          0          0          0          0          0 
         0          0          0          0          0          0          0          0          0          0 
        88         89         68         98         84         71         90         79         82         74 
];
