router00=[         0          0          0          0          0          0          0          0          0          0 
       529        483        479        638        399        457        528        570        424        552 
         0          0          0          0          0          0          0          0          0          0 
      2786       2713       2501       2707       2625       2607       3787       3821       2817       2573 
         0          0          0          0          0          0          0          0          0          0 
];
router01=[         0          0          0          0          0          0          0          0          0          0 
       267        343        499        490        300        351        395        409        375        357 
         0          0          0          0          0          0          0          0          0          0 
       998       1534       1356       1504       1175       1383       1987       2056       1296       1453 
       549        879        974        150        333        365        644        186        251        381 
];
router02=[         0          0          0          0          0          0          0          0          0          0 
       314        279        244        237        317        247        244        291        236        225 
         0          0          0          0          0          0          0          0          0          0 
       322        346        394        422        412        350        376        492        346        319 
        81        109         81        222        164         76         78         78         78         72 
];
router03=[         0          0          0          0          0          0          0          0          0          0 
       206        262        221        255        214        253        213        248        208        248 
         0          0          0          0          0          0          0          0          0          0 
         0          0          0          0          0          0          0          0          0          0 
        95         72         81         86         80         82         81         76         71         76 
];
router04=[         0          0          0          0          0          0          0          0          0          0 
       124        183        130        181        128        178        124        174        122        171 
         0          0          0          0          0          0          0          0          0          0 
         0          0          0          0          0          0          0          0          0          0 
       101         67         73         79         64         70         75         68         84         85 
];
router05=[         0          0          0          0          0          0          0          0          0          0 
       112        195        118        190        115        183        115        181        113        178 
         0          0          0          0          0          0          0          0          0          0 
         0          0          0          0          0          0          0          0          0          0 
        84         72         73         72         70         83         70         78         79         63 
];
router06=[         0          0          0          0          0          0          0          0          0          0 
       121        187        126        181        120        177        122        175        122        172 
         0          0          0          0          0          0          0          0          0          0 
         0          0          0          0          0          0          0          0          0          0 
        71         64         78         88         94         92         78         70         71         78 
];
router07=[         0          0          0          0          0          0          0          0          0          0 
       134        176        138        176        135        178        133        173        134        168 
         0          0          0          0          0          0          0          0          0          0 
         0          0          0          0          0          0          0          0          0          0 
        87         72         91         68         67         70         81         77         84         87 
];
router08=[         0          0          0          0          0          0          0          0          0          0 
        49        110         48        110         47        107         47        105         47        101 
         0          0          0          0          0          0          0          0          0          0 
         0          0          0          0          0          0          0          0          0          0 
        70         78         79         76         78         79         72         76         74         62 
];
router09=[         0          0          0          0          0          0          0          0          0          0 
        37        116         37        113         36        110         37        108         36        107 
         0          0          0          0          0          0          0          0          0          0 
         0          0          0          0          0          0          0          0          0          0 
        74         71         67         76         76         84         86         71         84         73 
];
router10=[         0          0          0          0          0          0          0          0          0          0 
        35        123         36        120         36        116         36        116         36        114 
         0          0          0          0          0          0          0          0          0          0 
         0          0          0          0          0          0          0          0          0          0 
        85         86         78         76         84         56         70         70         71         58 
];
router11=[         0          0          0          0          0          0          0          0          0          0 
        49        102         50        100         51         95         52         94         50         94 
         0          0          0          0          0          0          0          0          0          0 
         0          0          0          0          0          0          0          0          0          0 
        93         89         88         84         61         94         76         74         76         73 
];
router12=[         0          0          0          0          0          0          0          0          0          0 
         0          0          0          0          0          0          0          0          0          0 
         0          0          0          0          0          0          0          0          0          0 
         0          0          0          0          0          0          0          0          0          0 
        70         62         72         82         79         80         83         76         79         88 
];
router13=[         0          0          0          0          0          0          0          0          0          0 
         0          0          0          0          0          0          0          0          0          0 
         0          0          0          0          0          0          0          0          0          0 
         0          0          0          0          0          0          0          0          0          0 
        76         72         65         93         77         53         81         71         73         76 
];
