router00=[         0          0          0          0          0          0          0          0          0          0 
      1912       1773       1904       2209       1782       1675       1660       2114       1884       1883 
         0          0          0          0          0          0          0          0          0          0 
     11972      12312      11728      12224      12484      12010      20363      18147      11348      12187 
         0          0          0          0          0          0          0          0          0          0 
];
router01=[         0          0          0          0          0          0          0          0          0          0 
      1955       1781       2501       1801       1904       1658       1986       1718       1901       1968 
         0          0          0          0          0          0          0          0          0          0 
      8873       9043       8779       8221       8909       9509      15714      18029       9348       9292 
      7636       4210       2804       3511       3761       5052       2788       7924       7613       5722 
];
router02=[         0          0          0          0          0          0          0          0          0          0 
      1683       2214       2464       2871       2341       1447       1545       1531       1730       2209 
         0          0          0          0          0          0          0          0          0          0 
      2402       2395       2154       1966       3102       2696       3669       3673       2637       2254 
      1433       1017       1134        842       2012       1808       1008        592       2662       2144 
];
router03=[         0          0          0          0          0          0          0          0          0          0 
       250        289        290        313        326        295        257        283        268        294 
         0          0          0          0          0          0          0          0          0          0 
         0          0          0          0          0          0          0          0          0          0 
       120        103        103         95         84         77         92         94         91        124 
];
router04=[         0          0          0          0          0          0          0          0          0          0 
       149        209        158        203        155        203        153        199        145        195 
         0          0          0          0          0          0          0          0          0          0 
         0          0          0          0          0          0          0          0          0          0 
        98         75         90         91         78         80         99         78         86         90 
];
router05=[         0          0          0          0          0          0          0          0          0          0 
       158        198        164        197        158        194        158        188        157        188 
         0          0          0          0          0          0          0          0          0          0 
         0          0          0          0          0          0          0          0          0          0 
        96         76         88         92         92         93         84         96         85         80 
];
router06=[         0          0          0          0          0          0          0          0          0          0 
       169        188        182        189        180        183        194        178        168        175 
         0          0          0          0          0          0          0          0          0          0 
         0          0          0          0          0          0          0          0          0          0 
        66         78        104         93        101         87         90         93         74         83 
];
router07=[         0          0          0          0          0          0          0          0          0          0 
       152        208        159        277        181        200        151        202        149        198 
         0          0          0          0          0          0          0          0          0          0 
         0          0          0          0          0          0          0          0          0          0 
        87         88        104         80         74         75         83         87        127         96 
];
router08=[         0          0          0          0          0          0          0          0          0          0 
        75        102         79        102         75        101         76         99         75         97 
         0          0          0          0          0          0          0          0          0          0 
         0          0          0          0          0          0          0          0          0          0 
        94         93         74         97        103         85         87         92         79         82 
];
router09=[         0          0          0          0          0          0          0          0          0          0 
        48        121         49        120         50        116         50        115         49        115 
         0          0          0          0          0          0          0          0          0          0 
         0          0          0          0          0          0          0          0          0          0 
        97         81         88         93         93         98        115        101         93         67 
];
router10=[         0          0          0          0          0          0          0          0          0          0 
        65        117         66        117         65        115         63        112         65        108 
         0          0          0          0          0          0          0          0          0          0 
         0          0          0          0          0          0          0          0          0          0 
        88         91         97        106         87         69         83         84         84         82 
];
router11=[         0          0          0          0          0          0          0          0          0          0 
        65        115         65        114         66        111         67        109         65        107 
         0          0          0          0          0          0          0          0          0          0 
         0          0          0          0          0          0          0          0          0          0 
        94        101        100         93         65         91         92         85         82         85 
];
router12=[         0          0          0          0          0          0          0          0          0          0 
         0          0          0          0          0          0          0          0          0          0 
         0          0          0          0          0          0          0          0          0          0 
         0          0          0          0          0          0          0          0          0          0 
        81         78         78         89         77        101         94         86         85        112 
];
router13=[         0          0          0          0          0          0          0          0          0          0 
         0          0          0          0          0          0          0          0          0          0 
         0          0          0          0          0          0          0          0          0          0 
         0          0          0          0          0          0          0          0          0          0 
        91         88         66        100         85         68         93         80         86         75 
];
