router00=[         0          0          0          0          0          0          0          0          0          0 
       837       1281       1109       1091        981       1055        978       1136       1065        983 
         0          0          0          0          0          0          0          0          0          0 
      6350       6720       6224       6467       6415       6511      10379       8734       5753       6480 
         0          0          0          0          0          0          0          0          0          0 
];
router01=[         0          0          0          0          0          0          0          0          0          0 
       900        887       1201       1136       1086        841        757        862       1136        886 
         0          0          0          0          0          0          0          0          0          0 
      3430       3751       3488       3543       3596       3537       6303       5955       3724       3496 
      2021       3950       1089       1036       2209       2245       1105        648       2201        430 
];
router02=[         0          0          0          0          0          0          0          0          0          0 
       400        628        624        625        388        499        380        826        488        682 
         0          0          0          0          0          0          0          0          0          0 
       660        776        744        843        824        846       1220       1162        652        826 
        75         77        141        759        493        107        285        514        703        155 
];
router03=[         0          0          0          0          0          0          0          0          0          0 
       254        251        286        250        258        242        254        233        256        238 
         0          0          0          0          0          0          0          0          0          0 
         0          0          0          0          0          0          0          0          0          0 
       114         79        101         95         81         75         85         94         73         98 
];
router04=[         0          0          0          0          0          0          0          0          0          0 
       154        189        157        188        148        183        154        175        155        177 
         0          0          0          0          0          0          0          0          0          0 
         0          0          0          0          0          0          0          0          0          0 
        93         75         81         85         78         81         89         78         90         83 
];
router05=[         0          0          0          0          0          0          0          0          0          0 
       135        202        140        199        137        194        132        190        136        186 
         0          0          0          0          0          0          0          0          0          0 
         0          0          0          0          0          0          0          0          0          0 
        86         74         86         73         81         96         76         83         81         78 
];
router06=[         0          0          0          0          0          0          0          0          0          0 
       169        175        171        174        164        169        164        162        165        162 
         0          0          0          0          0          0          0          0          0          0 
         0          0          0          0          0          0          0          0          0          0 
        70         71         90         86         93         99         80         83         86         81 
];
router07=[         0          0          0          0          0          0          0          0          0          0 
       129        207        135        205        136        202        131        199        127        195 
         0          0          0          0          0          0          0          0          0          0 
         0          0          0          0          0          0          0          0          0          0 
        84         78        100         75         64         80         86         83         97         94 
];
router08=[         0          0          0          0          0          0          0          0          0          0 
        53        120         56        118         55        117         56        116         54        113 
         0          0          0          0          0          0          0          0          0          0 
         0          0          0          0          0          0          0          0          0          0 
        79         86         76         89         90         87         82         81         80         72 
];
router09=[         0          0          0          0          0          0          0          0          0          0 
        43        121         43        119         42        114         45        114         42        112 
         0          0          0          0          0          0          0          0          0          0 
         0          0          0          0          0          0          0          0          0          0 
        84         78         77         80         81         97        100         97         96         66 
];
router10=[         0          0          0          0          0          0          0          0          0          0 
        47        122         47        121         47        118         49        116         46        114 
         0          0          0          0          0          0          0          0          0          0 
         0          0          0          0          0          0          0          0          0          0 
        86         94         87        100         88         69         84         86         75         75 
];
router11=[         0          0          0          0          0          0          0          0          0          0 
        65        105         63        104         62        102         62        101         62         97 
         0          0          0          0          0          0          0          0          0          0 
         0          0          0          0          0          0          0          0          0          0 
        91        101         92         87         61         97         79         82         77         75 
];
router12=[         0          0          0          0          0          0          0          0          0          0 
         0          0          0          0          0          0          0          0          0          0 
         0          0          0          0          0          0          0          0          0          0 
         0          0          0          0          0          0          0          0          0          0 
        69         74         81         93         78         98         89         91         84        101 
];
router13=[         0          0          0          0          0          0          0          0          0          0 
         0          0          0          0          0          0          0          0          0          0 
         0          0          0          0          0          0          0          0          0          0 
         0          0          0          0          0          0          0          0          0          0 
        81         76         67        100         83         68         90         73         83         74 
];
