router00=[         0          0          0          0          0          0          0          0          0          0 
      1295       1374       1620       1571       1203       1326       1285       1346       1269       1311 
         0          0          0          0          0          0          0          0          0          0 
      8641       8662       8515       8702       8341       8619      14514      12124       8483       8176 
         0          0          0          0          0          0          0          0          0          0 
];
router01=[         0          0          0          0          0          0          0          0          0          0 
      1467       1070       1452       1346       1127       1209       1304       1208       1439       1130 
         0          0          0          0          0          0          0          0          0          0 
      5608       5255       5779       6076       6468       5532       9468      10106       5671       5239 
      3209       1660       2699       3964       2392       4050       4259       4152       1522       2070 
];
router02=[         0          0          0          0          0          0          0          0          0          0 
       847        849       1014        983        808        850        787        784        877        894 
         0          0          0          0          0          0          0          0          0          0 
      1380       1600       2011       1570       1466       1129       2562       2556       2009       1682 
        80        332       1204       1562       2199        646        340        277        406        431 
];
router03=[         0          0          0          0          0          0          0          0          0          0 
       250        257        361        366        305        299        334        409        262        251 
         0          0          0          0          0          0          0          0          0          0 
         0          0          0          0          0          0          0          0          0          0 
       108         90        109        178         80         80         86        116         83         97 
];
router04=[         0          0          0          0          0          0          0          0          0          0 
       158        197        163        192        158        185        155        186        153        181 
         0          0          0          0          0          0          0          0          0          0 
         0          0          0          0          0          0          0          0          0          0 
        97         76         85         88         75         84        100         76         91         82 
];
router05=[         0          0          0          0          0          0          0          0          0          0 
       160        188        164        182        162        181        160        177        161        172 
         0          0          0          0          0          0          0          0          0          0 
         0          0          0          0          0          0          0          0          0          0 
        93         71         92         90         91         93         86         94         86         74 
];
router06=[         0          0          0          0          0          0          0          0          0          0 
       140        206        148        203        138        202        137        193        145        187 
         0          0          0          0          0          0          0          0          0          0 
         0          0          0          0          0          0          0          0          0          0 
        70         73         93         98        100         90         91         78         77         81 
];
router07=[         0          0          0          0          0          0          0          0          0          0 
       156        192        181        188        170        183        154        183        155        191 
         0          0          0          0          0          0          0          0          0          0 
         0          0          0          0          0          0          0          0          0          0 
       123         96        102        167         72         74         88         86        114         93 
];
router08=[         0          0          0          0          0          0          0          0          0          0 
        60        117         62        116         59        116         60        111         60        110 
         0          0          0          0          0          0          0          0          0          0 
         0          0          0          0          0          0          0          0          0          0 
        86         94         80         90         97         85         86         86         79         76 
];
router09=[         0          0          0          0          0          0          0          0          0          0 
        39        127         39        129         38        125         38        123         39        120 
         0          0          0          0          0          0          0          0          0          0 
         0          0          0          0          0          0          0          0          0          0 
        86         76         82         87         85        102        107        100         96         68 
];
router10=[         0          0          0          0          0          0          0          0          0          0 
        67        109         67        107         67        103         67        102         65        100 
         0          0          0          0          0          0          0          0          0          0 
         0          0          0          0          0          0          0          0          0          0 
        87         90         87         98         90         71         83         86         75         78 
];
router11=[         0          0          0          0          0          0          0          0          0          0 
        59        108         63        108         62        108         61        105         60        103 
         0          0          0          0          0          0          0          0          0          0 
         0          0          0          0          0          0          0          0          0          0 
        92        100         90         96         59         93         84         89         81         80 
];
router12=[         0          0          0          0          0          0          0          0          0          0 
         0          0          0          0          0          0          0          0          0          0 
         0          0          0          0          0          0          0          0          0          0 
         0          0          0          0          0          0          0          0          0          0 
        77         76         82         91         77         90         97         92         81        108 
];
router13=[         0          0          0          0          0          0          0          0          0          0 
         0          0          0          0          0          0          0          0          0          0 
         0          0          0          0          0          0          0          0          0          0 
         0          0          0          0          0          0          0          0          0          0 
        87         84         67         98         81         70         92         79         84         74 
];
