router00=[         0          0          0          0          0          0          0          0          0          0          0          0 
      1042       1036       1152        988       1029       1031        822        990        993        985       1118        967 
         0          0          0          0          0          0          0          0          0          0          0          0 
       572        573        548        578        536        539        540        537        576        550        558        544 
       735        878        767        917        785        760        720        764        737        853        783        788 
];
router01=[         0          0          0          0          0          0          0          0          0          0          0          0 
       820        741        802        833        760        701        723        691        982        793        697        741 
      1819       1517       1187       1339       1531       1539       1431       1302       1353       1440       1461       1922 
       779        759        787        764        735        765        750        754        735        780        763        783 
       767        804        769        724        898        797        714        872        895        775        750        737 
];
router02=[         0          0          0          0          0          0          0          0          0          0          0          0 
       572        565        648        618        723        667        579        677        564        814        666        652 
       753        739        745        756        803        781        786        771        772        777        737        763 
       958        832        884        738        769        701        697        613        737        861        881        747 
       715        731        663        759        822        750        703        677        890        798        692        772 
];
router03=[         0          0          0          0          0          0          0          0          0          0          0          0 
       612        594        603        554        605        565        559        576        585        551        516        624 
       591        584        545        540        554        549        535        553        546        578        535        600 
         0          0          0          0          0          0          0          0          0          0          0          0 
       702        718        671        688        766        631        634        698        712        708        678        706 
];
router04=[       560        611        545        584        569        477        568        590        548        495        536        519 
       700        754        638        691        675        706        716        702        667        714        684        762 
         0          0          0          0          0          0          0          0          0          0          0          0 
       541        562        594        539        554        549        563        555        561        539        563        568 
       809        728        670        844        663        779        653        671        738        691        731        714 
];
router05=[       742        683        606        658        547        685        640        592        680        590        538        552 
       673        809        759        733        734        862        766        849        757        739        870        808 
       918       1270       1029       1168       1145       1273       1073       1151       1053        955        832        805 
       756        724        728        770        727        728        729        733        767        755        741        818 
       737        787        710        773        671        735        810        795        748        779        756        786 
];
router06=[       523        555        609        628        584        559        570        647        566        600        540        554 
       698        774        764        804        894        717        738        755        797        746        761        816 
       761        718        720        739        790        732        770        739        724        703        759        782 
       950        868       1042        976        822        848        847        876       1024        768        926        982 
       730        917        872        754        901        718        904        723        764        826        956        774 
];
router07=[       634        624        631        513        609        490        608        539        687        525        524        508 
       831        757        750        733        847        807        755        906        781        988        873        710 
       539        564        543        541        576        547        547        532        563        534        512        532 
         0          0          0          0          0          0          0          0          0          0          0          0 
       738        742        724        719        743        750        714        786        721        649        819        675 
];
router08=[       683        773        697        648        657        856        675        743        800        741        723        686 
       543        512        525        527        536        487        510        513        521        479        503        505 
         0          0          0          0          0          0          0          0          0          0          0          0 
       541        566        527        545        565        588        585        556        564        594        556        593 
       685        667        638        640        667        640        739        723        689        727        663        697 
];
router09=[       867        853        794        684        759        739        734        719        793        836        752        717 
       603        541        544        497        499        527        500        522        615        534        592        521 
       711        761        712        639        796        656        765        713        747        654        654        682 
       733        707        706        731        738        700        719        759        751        734        711        714 
       703        653        690        678        717        703        667        796        703        678        757        676 
];
router10=[       791        697        795        858        807        739        760        874        877        740        824        789 
       571        683        605        582        588        524        539        592        542        589        623        679 
       758        722        711        727        716        790        690        732        791        737        710        733 
       877        977        949        896        885        820        805        818       1176        871        620        769 
       808        717       1001       1274        683        807        698        781        719        787        730        843 
];
