router00=[         0          0          0          0          0          0          0          0          0          0          0          0 
       111        147        119        156        134        163        122        152        113        148        127        153 
         0          0          0          0          0          0          0          0          0          0          0          0 
       124        167        119        160        129        170        123        170        132        149        135        169 
       194        189        192        194        184        173        186        177        179        169        182        200 
];
router01=[         0          0          0          0          0          0          0          0          0          0          0          0 
       133        129        126        144        134        147        135        130        143        151        143        132 
       128        171        141        166        138        164        141        157        142        162        135        171 
       166        219        177        241        189        205        182        190        175        205        175        200 
       169        202        202        201        176        223        178        208        187        186        180        204 
];
router02=[         0          0          0          0          0          0          0          0          0          0          0          0 
       124        176        107        150         92        152        113        156        112        149        120        149 
       191        222        195        228        183        218        180        208        191        226        185        205 
       146        145        153        145        146        152        140        149        151        149        133        148 
       163        190        176        168        165        175        198        184        167        191        204        176 
];
router03=[         0          0          0          0          0          0          0          0          0          0          0          0 
       145        138        138        138        130        147        138        143        125        137        137        135 
       144        174        146        140        137        175        132        170        138        154        138        168 
         0          0          0          0          0          0          0          0          0          0          0          0 
       181        180        198        173        187        182        202        180        167        188        188        204 
];
router04=[       117        152        116        164        119        164        113        166        116        155        115        149 
       168        227        174        207        175        209        171        209        163        192        171        190 
         0          0          0          0          0          0          0          0          0          0          0          0 
       142        191        137        159        121        181        150        157        143        152        134        156 
       181        193        153        193        192        194        172        165        167        193        180        178 
];
router05=[       122        170        123        163        116        178        115        170        115        159        123        158 
       150        227        150        214        156        201        151        211        166        197        149        215 
       150        154        133        154        135        164        158        153        167        145        121        148 
       204        186        201        206        207        199        187        214        199        185        189        205 
       175        185        188        176        197        186        200        179        165        155        202        196 
];
router06=[       135        123        141        124        142        130        150        138        145        125        144        140 
       154        184        171        187        167        181        175        179        162        179        166        189 
       200        216        189        217        198        210        186        204        167        180        185        201 
       145        179        140        155        159        161        147        152        150        154        136        157 
       206        198        197        199        181        172        182        165        182        180        206        156 
];
router07=[       156        137        158        127        160        115        159        114        158        115        173        120 
       167        208        156        210        163        209        162        195        163        189        168        194 
       134        183        149        176        144        151        144        155        150        153        140        138 
         0          0          0          0          0          0          0          0          0          0          0          0 
       216        185        186        189        170        181        182        166        174        205        194        162 
];
router08=[       195        176        204        173        196        155        191        172        182        174        214        162 
       130        150        139        153        141        150        137        156        141        141        137        137 
         0          0          0          0          0          0          0          0          0          0          0          0 
       138        161        134        137        150        153        142        155        152        148        134        145 
       184        172        182        208        168        179        182        213        195        162        200        184 
];
router09=[       178        189        202        190        201        173        196        195        189        184        179        187 
       135        156        121        146        123        148        137        129        130        150        128        141 
       123        166        140        172        138        154        137        171        154        163        134        168 
       210        202        187        203        187        197        184        201        197        190        200        178 
       193        182        198        169        179        197        173        160        195        169        186        175 
];
router10=[       165        186        148        200        168        207        164        192        156        201        174        192 
       147        120        140        116        156        118        134        126        146        113        154        121 
       206        209        185        226        193        224        182        212        181        195        183        197 
       135        162        155        161        137        149        131        162        154        179        146        150 
       144        183        168        185        178        173        172        203        176        200        179        169 
];
