router00=[         0          0          0          0          0          0          0          0          0          0          0          0 
       213        206        220        193        229        209        244        210        223        197        202        188 
         0          0          0          0          0          0          0          0          0          0          0          0 
       208        247        229        223        204        211        227        207        225        212        205        201 
       286        253        280        282        260        278        275        275        272        240        281        261 
];
router01=[         0          0          0          0          0          0          0          0          0          0          0          0 
       174        218        191        227        189        208        188        212        208        214        187        206 
       193        244        219        249        227        250        234        219        205        229        219        244 
       302        289        285        308        313        297        282        305        294        298        288        299 
       277        260        267        274        245        271        267        253        291        297        289        283 
];
router02=[         0          0          0          0          0          0          0          0          0          0          0          0 
       198        213        205        196        215        191        222        200        180        212        226        184 
       270        346        280        316        277        327        288        320        268        315        298        314 
       214        225        229        208        226        223        238        218        239        222        230        226 
       291        298        252        277        270        287        266        291        278        261        272        283 
];
router03=[         0          0          0          0          0          0          0          0          0          0          0          0 
       168        218        188        231        180        213        176        211        160        228        173        239 
       219        249        219        218        214        258        232        237        239        218        204        224 
         0          0          0          0          0          0          0          0          0          0          0          0 
       303        285        282        283        271        281        291        296        266        275        273        266 
];
router04=[       204        214        197        199        199        189        192        216        206        205        196        200 
       274        306        280        309        253        299        273        292        281        299        268        293 
         0          0          0          0          0          0          0          0          0          0          0          0 
       231        238        237        208        221        239        222        209        218        239        242        220 
       297        268        237        268        274        263        279        279        271        280        288        264 
];
router05=[       212        205        202        210        204        203        194        218        200        208        189        208 
       282        269        260        273        261        275        262        272        284        266        262        256 
       234        239        226        244        231        221        218        220        231        228        236        232 
       344        320        314        296        324        280        305        281        324        274        320        274 
       274        298        275        234        283        267        285        231        272        282        272        268 
];
router06=[       200        212        214        203        205        200        198        197        214        217        213        203 
       263        276        293        265        268        263        266        277        257        270        281        276 
       290        324        280        315        299        294        287        304        282        303        310        304 
       214        260        217        235        221        240        198        259        221        234        209        239 
       297        283        284        274        285        245        270        282        257        283        275        242 
];
router07=[       227        207        224        211        224        199        208        202        205        198        225        188 
       254        277        268        272        285        275        249        261        272        265        278        283 
       229        216        227        226        227        220        227        207        238        216        217        223 
         0          0          0          0          0          0          0          0          0          0          0          0 
       256        260        314        269        267        260        299        257        282        300        291        265 
];
router08=[       241        295        253        290        243        300        245        286        240        282        246        292 
       177        242        172        239        177        241        185        231        185        230        189        238 
         0          0          0          0          0          0          0          0          0          0          0          0 
       209        218        238        221        237        223        228        208        217        215        228        224 
       268        287        297        260        269        298        258        300        263        258        284        281 
];
router09=[       285        289        269        276        273        271        288        277        276        273        267        269 
       192        205        190        191        196        203        200        198        188        190        191        200 
       206        246        203        239        209        231        204        229        193        237        215        226 
       278        332        278        322        274        326        286        289        297        325        280        329 
       278        278        289        274        279        280        245        237        268        270        305        272 
];
router10=[       275        278        258        278        252        293        268        286        293        271        270        264 
       219        198        208        198        215        193        206        206        216        198        208        191 
       300        289        306        285        299        284        299        280        307        268        300        268 
       227        244        212        247        187        253        222        259        223        246        202        227 
       275        296        273        297        241        302        291        282        289        293        249        277 
];
