router00=[         0          0          0          0          0          0          0          0          0          0          0          0 
       927        910       1263        814        987        848        828        859        857        922        684       1030 
         0          0          0          0          0          0          0          0          0          0          0          0 
       576        579        567        537        545        540        567        583        572        552        572        566 
       714        777        717        801        869        785        674        811        735        721        859        808 
];
router01=[         0          0          0          0          0          0          0          0          0          0          0          0 
       903        747        842        810        858        677        878        960        988        907        957        839 
      1751       2199       1951       1642       1921       2188       1771       1778       1852       2063       1962       1959 
       819        797        794        745        819        743        752        762        783        767        734        737 
       830        784        834        803        776        863        748        761        725        942        928        875 
];
router02=[         0          0          0          0          0          0          0          0          0          0          0          0 
       609        836        877        853        786        827        822        883        974        960        855        679 
       741        770        761        758        756        733        765        760        773        802        751        757 
      1150       1141       1323       1160        938       1497       1123       1348       1261       1169       1202       1057 
       802        726        794        846        921        896       1009        737        849        946        858        878 
];
router03=[         0          0          0          0          0          0          0          0          0          0          0          0 
       601        637        634        585        683        530        636        548        563        557        615        487 
       562        576        555        562        535        562        549        574        549        599        551        591 
         0          0          0          0          0          0          0          0          0          0          0          0 
       739        712        734        680        714        709        800        672        688        702        690        657 
];
router04=[       603        658        576        607        637        641        557        567        582        621        605        650 
       692        693        718        734        785        693        711        667        755        737        710        741 
         0          0          0          0          0          0          0          0          0          0          0          0 
       566        572        579        541        553        538        575        568        556        557        557        570 
       841        715        760        717        755        737        746        778        725        930        858        741 
];
router05=[       639        578        609        662        596        703        601        591        530        698        585        625 
       736        861        812        785        805        788        718       1042        784        863        803        830 
       959       1320        947       1050        903        905        881        899       1146        932       1014       1045 
       743        726        747        731        715        750        764        719        741        720        723        753 
       827        793        723        797        782        795        725        798        840        743        884        781 
];
router06=[       599        554        756        630        529        610        556        575        534        624        634        639 
       944        749        710        838        770        783        756        869        886        745        809        824 
       763        812        743        775        789        829        830        866        777        794        766        787 
       857       1056        845        861        939        708        721        892        779        788        974        852 
       762        833        740        895        696        883        875        815        938        725        988        671 
];
router07=[       496        549        588        557        524        546        548        594        513        656        597        551 
       684        664        688        756        819        697        706        692        739        666        688        659 
       538        536        562        567        597        554        568        567        564        562        547        552 
         0          0          0          0          0          0          0          0          0          0          0          0 
       741        730        641        706        708        718        692        719        637        684        756        688 
];
router08=[       681        710        735        720        750        696        716        716        702        752        735        790 
       557        519        531        504        587        539        523        536        535        516        516        555 
         0          0          0          0          0          0          0          0          0          0          0          0 
       565        539        575        563        586        540        561        582        619        550        541        557 
       664        676        795        784        689        681        721        732        728        719        727        692 
];
router09=[       948        771        830        861        659        858        781        726        927        855        739        877 
       655        589        627        566        570        568        555        686        590        549        659        603 
       821        822        976        833       1171       1010       1012        852       1116       1005       1085        936 
       818        784        794        761        729        789        770        730        843        771        759        819 
       722        745        754        762        803        737        700        819        682        716        685        782 
];
router10=[       968       1155        929       1152        991       1219       1083       1050       1000       1117        926        919 
       822        874        792        621        708        683        699        679        772        713        573        755 
       740        724        753        740        749        794        754        749        734        731        740        752 
      1100       1545       1771       1235       1285       1419       1304       1357       1187       1230       1281       1341 
      1336       1272       1162        960        958       1043       1082       1098        869        984        844       1257 
];
