router00=[         0          0          0          0          0          0          0          0          0          0          0          0 
       632        652        645        544        642        701        715        518        614        599        585        724 
         0          0          0          0          0          0          0          0          0          0          0          0 
       535        550        537        566        541        559        534        541        556        514        545        531 
       672        653        676        642        757        666        790        609        649        758        657        684 
];
router01=[         0          0          0          0          0          0          0          0          0          0          0          0 
       601        605        674        705        667        621        681        633        689        759        620        634 
      1238        966        960       1146        815        734       1001        919       1002       1105       1437        927 
       736        754        746        743        851        756        723        706        751        736        790        728 
       735        669        708        635        598        678        725        719        689        722        736        655 
];
router02=[         0          0          0          0          0          0          0          0          0          0          0          0 
       678        614        630        522        680        617        627        563        667        584        661        685 
       736        728        747        724        734        720        747        701        743        684        707        718 
       827        750        847        779        673        729        830        749        820        824        748        826 
       822        654        729        834        669        719        890        836        741        846        652        753 
];
router03=[         0          0          0          0          0          0          0          0          0          0          0          0 
       509        543        557        543        556        530        551        495        545        473        538        518 
       514        523        542        538        511        562        501        557        515        574        504        536 
         0          0          0          0          0          0          0          0          0          0          0          0 
       683        711        664        664        667        676        663        674        684        696        700        635 
];
router04=[       515        521        506        539        517        613        543        489        497        524        514        514 
       625        638        649        708        720        706        665        702        684        665        648        676 
         0          0          0          0          0          0          0          0          0          0          0          0 
       541        569        555        569        547        545        511        528        549        529        557        544 
       705        661        645        710        715        677        736        676        760        722        740        658 
];
router05=[       501        586        548        668        533        541        586        530        572        546        557        539 
       828        767        689        718        707        707        753        731        699        795        668        775 
       793        666        761        701        801        653        754        851        683        776        742        872 
       743        714        725        691        704        709        718        729        708        679        715        702 
       765        703        699        693        718        779        729        652        735        627        691        664 
];
router06=[       541        532        550        615        605        498        587        549        513        577        594        630 
       907        806        905        768        749        863        683        864        757        747        687        856 
       761        734        738        722        681        762        770        751        710        693        712        719 
      1238        814        928        845       1001        781        846        888        925        979        839       1078 
       921        813        689       1006        737        674        925        780        789       1198        694        750 
];
router07=[       498        530        600        681        523        509        595        518        515        547        623        574 
       735        745        700        818        788        677        896        820        740        732        732        727 
       534        549        538        501        536        539        533        555        557        547        525        524 
         0          0          0          0          0          0          0          0          0          0          0          0 
       727        662        714        721        668        826        749        730        782        734        750        718 
];
router08=[       682        660        677        715        691        630        642        683        678        646        733        661 
       487        494        498        491        497        519        504        522        538        502        503        490 
         0          0          0          0          0          0          0          0          0          0          0          0 
       514        535        502        531        493        530        541        543        512        544        540        528 
       698        693        646        661        685        651        668        681        636        663        652        657 
];
router09=[       766        698        779        792        749        678        713        703        663        695        706        781 
       518        503        513        540        505        516        573        516        512        517        572        484 
       601        620        556        570        658        564        566        648        582        741        655        594 
       717        740        709        722        704        724        718        716        712        730        706        768 
       660        630        656        684        629        666        693        623        712        749        597        659 
];
router10=[       788        773        861        764        817        908        820        842        703        907        849        808 
       726        588        583        588        663        541        594        572        564        655        617        553 
       768        768        718        730        744        757        693        689        671        733        702        746 
       883        829        772        879        806        990       1071        893        872        829       1015        977 
       816        826        679       1089        889        696        642        766        768        982        780       1028 
];
