router00=[         0          0          0          0          0          0          0          0          0          0          0          0 
       348        355        375        359        310        327        340        342        352        339        344        349 
         0          0          0          0          0          0          0          0          0          0          0          0 
       380        385        387        380        387        378        361        341        376        370        384        370 
       429        429        421        442        451        446        464        484        482        471        443        429 
];
router01=[         0          0          0          0          0          0          0          0          0          0          0          0 
       326        315        344        365        358        352        370        353        387        337        361        344 
       367        367        372        379        387        374        396        376        355        366        394        374 
       485        522        470        474        443        515        485        501        464        515        472        519 
       449        448        451        480        482        446        454        454        494        474        467        465 
];
router02=[         0          0          0          0          0          0          0          0          0          0          0          0 
       355        325        307        330        335        338        358        363        328        337        376        332 
       489        522        483        511        480        526        509        512        486        527        514        528 
       387        371        368        356        361        367        369        370        376        357        371        364 
       419        456        453        436        473        469        475        415        438        478        473        445 
];
router03=[         0          0          0          0          0          0          0          0          0          0          0          0 
       314        336        334        356        333        362        326        357        320        352        331        364 
       376        358        397        397        412        377        369        374        377        358        372        359 
         0          0          0          0          0          0          0          0          0          0          0          0 
       460        482        461        441        485        482        424        461        447        432        451        479 
];
router04=[       350        341        344        327        346        329        340        323        355        326        343        324 
       492        460        473        467        451        468        470        465        458        454        470        428 
         0          0          0          0          0          0          0          0          0          0          0          0 
       356        420        376        381        366        370        367        384        379        375        372        347 
       438        452        460        483        488        415        456        475        457        469        471        449 
];
router05=[       342        376        322        356        341        347        329        359        340        343        322        359 
       457        470        453        499        451        457        456        465        472        466        467        448 
       375        394        381        359        455        371        366        371        371        366        390        373 
       495        500        516        475        486        480        483        467        536        508        488        465 
       477        428        448        446        479        481        477        484        491        466        425        467 
];
router06=[       346        341        348        353        364        335        336        351        335        344        341        320 
       432        447        421        468        477        457        442        445        449        443        460        450 
       522        518        509        494        532        536        486        450        531        506        504        514 
       381        387        378        380        366        396        381        402        351        403        361        357 
       451        442        479        420        463        446        450        426        475        505        461        463 
];
router07=[       333        343        344        348        363        361        359        337        345        353        352        350 
       457        455        454        461        434        489        437        487        449        473        422        430 
       384        383        386        361        402        376        392        370        381        374        366        343 
         0          0          0          0          0          0          0          0          0          0          0          0 
       488        436        504        485        455        468        431        455        419        447        487        438 
];
router08=[       452        442        455        436        438        447        471        449        457        457        454        434 
       329        365        327        337        333        366        332        360        333        362        328        353 
         0          0          0          0          0          0          0          0          0          0          0          0 
       380        365        386        363        351        376        377        381        372        391        378        407 
       504        469        450        482        456        468        449        443        489        489        445        446 
];
router09=[       486        457        462        430        471        439        451        465        459        424        458        431 
       339        364        339        354        341        360        342        361        349        351        336        356 
       341        364        346        366        358        352        381        358        377        354        375        385 
       485        545        508        498        477        486        514        476        494        495        506        500 
       433        470        470        464        463        462        467        456        460        480        457        489 
];
router10=[       451        454        454        488        461        460        443        419        451        429        463        455 
       293        384        300        371        311        361        316        370        305        366        287        373 
       450        505        486        479        496        506        522        513        504        476        475        464 
       359        370        395        386        401        393        390        373        399        333        407        376 
       454        442        473        475        412        448        454        473        460        468        433        495 
];
