router00=[         0          0          0          0          0          0          0          0          0          0          0          0 
       633        607        658        670        727        634        777        685        598        752        619        543 
         0          0          0          0          0          0          0          0          0          0          0          0 
       539        519        542        561        514        538        505        571        525        534        568        553 
       693        700        721        616        759        681        714        740        678        686        681        729 
];
router01=[         0          0          0          0          0          0          0          0          0          0          0          0 
       685        690        619        622        543        663        617        585        576        775        584        528 
      1028        985        843       1312       1126        903       1006        981       1014       1099        895       1087 
       711        749        704        755        731        720        706        716        706        707        743        748 
       694        777        835        761        703        706        709        658        674        808        667        798 
];
router02=[         0          0          0          0          0          0          0          0          0          0          0          0 
       663        606        534        597        581        498        527        491        565        657        606        577 
       699        721        765        769        801        707        769        739        687        759        712        699 
       749        761        795        836        657        639        715        768        586        701        796        727 
       612        940        653        677        641        657        942        647        671        673        628        623 
];
router03=[         0          0          0          0          0          0          0          0          0          0          0          0 
       484        500        527        529        514        544        557        525        500        521        503        477 
       548        507        552        514        528        498        532        523        537        547        536        507 
         0          0          0          0          0          0          0          0          0          0          0          0 
       683        684        669        676        673        705        684        617        618        637        636        678 
];
router04=[       548        544        560        508        506        533        511        539        506        532        546        530 
       805        648        723        718        693        695        746        680        681        721        660        647 
         0          0          0          0          0          0          0          0          0          0          0          0 
       577        521        556        569        544        543        558        578        557        560        561        544 
       673        638        708        679        662        659        697        728        659        634        716        634 
];
router05=[       469        532        515        558        553        572        617        528        509        506        568        508 
       674        665        704        799        751        714        718        756        683        800        774        721 
       843        769        809        675        866        765        596        655        808        769        846        682 
       726        718        731        706        739        762        776        711        770        708        766        719 
       646        638        711        602        678        708        687        646        726        696        700        643 
];
router06=[       474        501        533        560        514        524        529        510        482        478        493        536 
       825        681        661        802        716        723        684        720        778        833        711        836 
       739        731        751        716        702        686        757        709        726        736        718        712 
       714        811        840        819        777        853        617        722        742        727        731        819 
       669        733        718        910        717        920        608        688        643        658        636        683 
];
router07=[       481        525        509        501        538        568        530        580        577        508        502        517 
       843        741        645        777        723        722        752        759        724        704        720        792 
       524        535        533        505        555        567        559        519        514        542        541        527 
         0          0          0          0          0          0          0          0          0          0          0          0 
       740        647        677        697        703        682        732        639        814        759        727        605 
];
router08=[       660        654        659        641        706        665        658        634        720        658        661        667 
       507        501        500        481        514        493        509        507        471        476        486        517 
         0          0          0          0          0          0          0          0          0          0          0          0 
       530        527        532        534        541        524        552        517        510        480        518        525 
       666        675        636        649        614        654        699        632        672        595        659        676 
];
router09=[       656        641        666        657        734        641        660        651        706        653        655        638 
       504        511        477        500        492        505        473        486        532        494        487        484 
       549        565        567        592        537        564        546        514        544        593        512        587 
       694        702        695        686        690        721        713        691        670        710        714        708 
       641        648        683        645        648        702        664        665        683        627        730        639 
];
router10=[       653        644        711        668        647        733        674        668        669        632        628        642 
       497        522        505        508        546        492        553        507        519        471        474        524 
       726        698        709        709        715        732        727        738        719        693        732        733 
       659        663        633        815        624        668        683        634        620        592        572        620 
       632        608        671        714        670        800        615        878        784        722        642        744 
];
