router00=[         0          0          0          0          0          0          0          0          0          0          0          0 
       391        414        392        390        433        413        428        402        449        397        414        373 
         0          0          0          0          0          0          0          0          0          0          0          0 
       486        411        458        454        436        438        450        420        459        451        493        444 
       562        556        543        562        561        548        548        519        574        573        544        550 
];
router01=[         0          0          0          0          0          0          0          0          0          0          0          0 
       415        423        418        410        419        377        433        428        410        393        420        375 
       467        470        458        495        435        464        436        490        447        445        429        487 
       600        612        617        590        612        587        601        586        591        606        596        625 
       574        561        590        545        597        580        574        522        572        546        535        581 
];
router02=[         0          0          0          0          0          0          0          0          0          0          0          0 
       423        414        429        442        378        420        424        402        402        403        443        439 
       611        570        560        576        588        590        595        607        586        588        604        568 
       459        518        497        475        451        455        516        469        449        456        445        447 
       520        542        541        554        589        546        535        538        549        591        546        529 
];
router03=[         0          0          0          0          0          0          0          0          0          0          0          0 
       414        410        412        410        434        415        398        400        429        427        408        405 
       468        458        443        430        440        420        449        456        454        417        468        437 
         0          0          0          0          0          0          0          0          0          0          0          0 
       594        581        555        567        543        570        540        561        542        563        608        580 
];
router04=[       431        430        408        410        416        402        424        409        418        424        434        421 
       547        561        537        575        584        580        555        577        552        559        529        552 
         0          0          0          0          0          0          0          0          0          0          0          0 
       437        463        422        451        415        416        433        445        435        457        457        439 
       566        499        563        579        549        576        562        521        593        594        556        563 
];
router05=[       392        471        415        455        443        474        422        485        416        469        407        444 
       498        563        557        535        565        549        561        546        558        551        551        535 
       481        509        495        460        520        463        561        495        454        458        473        484 
       573        600        591        581        634        613        593        593        618        581        567        578 
       563        602        557        571        559        574        573        564        505        532        542        542 
];
router06=[       386        412        414        426        417        423        412        413        405        427        399        398 
       563        559        555        569        534        551        518        585        526        558        545        564 
       618        592        600        598        634        607        625        592        631        569        631        595 
       459        434        470        447        465        468        469        450        458        427        453        451 
       551        490        540        542        561        575        571        566        559        592        551        541 
];
router07=[       415        424        437        416        436        425        483        423        441        436        431        437 
       518        596        557        571        558        564        542        561        541        624        544        595 
       435        443        460        472        452        461        439        483        467        460        448        457 
         0          0          0          0          0          0          0          0          0          0          0          0 
       526        604        559        568        565        550        537        540        542        556        543        548 
];
router08=[       554        565        575        564        559        565        553        546        551        570        539        566 
       407        445        416        430        413        427        418        432        399        412        422        426 
         0          0          0          0          0          0          0          0          0          0          0          0 
       451        470        458        470        444        437        450        451        428        461        442        456 
       577        545        593        534        557        542        539        580        540        528        551        552 
];
router09=[       561        571        615        580        616        599        555        643        577        604        567        551 
       439        403        438        423        407        402        427        401        424        394        427        394 
       455        488        471        493        461        493        524        508        452        472        538        537 
       580        602        625        633        627        578        598        560        602        579        616        588 
       554        599        512        541        545        580        547        517        593        549        543        575 
];
router10=[       575        569        585        551        589        537        557        549        554        553        542        559 
       428        453        443        391        402        406        426        406        426        397        436        409 
       618        597        602        632        606        567        619        608        602        599        588        614 
       452        451        527        506        480        497        517        506        463        447        463        442 
       561        549        564        538        536        590        584        545        535        548        526        560 
];
