router00=[         0          0          0          0          0          0          0          0          0          0          0          0 
       571        596        623        533        561        520        548        489        515        562        497        599 
         0          0          0          0          0          0          0          0          0          0          0          0 
       549        512        538        507        528        525        551        514        507        521        556        518 
       692        767        673        683        662        641        704        620        631        718        654        694 
];
router01=[         0          0          0          0          0          0          0          0          0          0          0          0 
       478        500        537        476        508        511        495        477        557        520        518        556 
       761        835        611        583        730        629        673        718        628        541        854        829 
       720        708        688        716        697        701        670        753        716        727        735        709 
       695        659        653        628        631        629        642        604        746        637        706        706 
];
router02=[         0          0          0          0          0          0          0          0          0          0          0          0 
       535        644        535        587        531        554        689        532        559        563        549        540 
       699        683        680        684        702        710        683        722        703        721        645        696 
       655        641        646        631        738        570        636        662        690        699        598        657 
       645        658        641        630        685        626        869        613        805        730        950        645 
];
router03=[         0          0          0          0          0          0          0          0          0          0          0          0 
       482        456        496        482        476        476        522        467        478        492        504        444 
       472        540        502        513        509        504        497        513        518        499        518        511 
         0          0          0          0          0          0          0          0          0          0          0          0 
       628        638        662        633        623        629        643        661        688        653        634        642 
];
router04=[       547        565        529        481        582        533        545        574        489        471        516        486 
       656        695        658        653        751        633        689        699        653        691        678        694 
         0          0          0          0          0          0          0          0          0          0          0          0 
       507        520        541        569        497        524        557        519        517        554        522        531 
       654        644        636        662        665        696        691        718        702        715        650        616 
];
router05=[       546        636        548        479        528        549        618        493        552        516        490        529 
       642        721        733        633        705        721        754        655        650        668        683        695 
       655        631        830        624        579        782        697        624        758        557        744        589 
       721        700        704        696        720        718        692        688        718        662        679        702 
       719        669        677        668        645        677        666        674        655        675        647        640 
];
router06=[       546        533        659        635        475        489        557        485        484        498        461        528 
       680        802        696        700        712        794        695        813        726        680        744        785 
       694        731        729        687        738        682        730        660        731        700        722        705 
       631        809        761        750        834        695        775        790        728        869        595        758 
      1003        913        827        711        626        838        816        784        564        975        680        603 
];
router07=[       516        541        547        489        553        546        510        551        514        525        477        475 
       689        638        635        637        621        652        623        690        643        637        711        620 
       507        513        529        502        520        492        559        505        526        546        526        540 
         0          0          0          0          0          0          0          0          0          0          0          0 
       665        705        627        686        672        689        645        644        646        632        645        689 
];
router08=[       662        708        659        681        664        651        666        663        684        671        657        662 
       493        477        466        476        512        494        506        509        451        483        493        487 
         0          0          0          0          0          0          0          0          0          0          0          0 
       521        547        499        521        549        561        519        529        563        526        533        526 
       611        653        653        637        681        641        607        642        661        626        714        615 
];
router09=[       733        713        692        668        716        817        661        774        632        709        806        654 
       520        605        604        539        612        493        537        490        483        561        528        568 
       715        787        791        687        671        686        803        904        839        963        822        802 
       729        748        736        702        719        708        733        723        717        705        722        718 
       690        683        669        618        691        692        708        691        686        622        646        698 
];
router10=[       637        772        679        874        642        817        763        792        708        675        661        680 
       593        524        505        518        496        514        481        471        558        525        562        594 
       728        683        715        696        709        741        715        687        686        697        704        691 
       841        719        876        687        715        737        674        736        639        697        745        725 
       680        632        676        673        862        667        771        717        702        869        721        671 
];
