router00=[         0          0          0          0          0          0          0          0          0          0          0          0 
       261        272        282        291        268        293        303        264        270        293        250        258 
         0          0          0          0          0          0          0          0          0          0          0          0 
       287        317        310        327        310        288        291        317        304        315        303        324 
       377        375        384        352        385        355        364        376        358        364        408        383 
];
router01=[         0          0          0          0          0          0          0          0          0          0          0          0 
       289        281        284        256        288        271        291        268        259        260        282        263 
       302        301        299        303        313        303        295        317        287        327        301        284 
       427        396        434        387        414        388        386        379        425        402        423        388 
       356        378        342        375        349        403        320        410        336        377        362        368 
];
router02=[         0          0          0          0          0          0          0          0          0          0          0          0 
       326        268        295        264        278        267        300        259        285        262        281        262 
       378        406        370        388        398        426        403        409        415        405        405        397 
       300        313        290        279        285        309        318        309        295        294        303        312 
       361        372        393        395        330        372        351        372        346        348        335        343 
];
router03=[         0          0          0          0          0          0          0          0          0          0          0          0 
       278        276        296        258        277        281        277        257        281        261        282        268 
       299        302        271        302        295        308        293        297        267        305        264        302 
         0          0          0          0          0          0          0          0          0          0          0          0 
       390        353        390        375        358        382        388        351        382        398        368        403 
];
router04=[       290        271        285        273        287        284        292        274        297        255        285        279 
       351        418        362        388        357        383        347        394        348        390        362        393 
         0          0          0          0          0          0          0          0          0          0          0          0 
       273        311        290        296        315        322        285        309        302        286        295        297 
       348        366        368        344        377        373        358        363        377        343        362        376 
];
router05=[       295        262        286        275        286        258        308        251        280        264        275        261 
       358        404        351        379        360        376        355        370        351        370        362        361 
       299        313        311        297        295        316        282        298        305        286        312        317 
       366        379        387        413        377        392        394        403        418        412        405        394 
       346        355        383        376        376        376        407        351        371        387        389        391 
];
router06=[       251        285        250        274        271        268        288        275        270        262        266        264 
       383        376        371        366        376        374        381        351        352        342        366        381 
       416        396        421        397        414        396        445        406        443        420        403        393 
       307        293        287        306        292        303        292        312        290        319        281        314 
       391        383        359        381        349        391        340        378        363        384        353        363 
];
router07=[       274        295        283        288        285        273        285        274        283        271        291        282 
       375        364        383        360        385        378        367        389        356        360        338        373 
       320        317        311        306        307        314        304        310        319        292        317        299 
         0          0          0          0          0          0          0          0          0          0          0          0 
       345        382        352        366        346        372        362        352        365        389        399        359 
];
router08=[       379        386        353        365        370        375        365        380        358        366        355        384 
       260        310        244        296        257        289        250        290        268        318        258        287 
         0          0          0          0          0          0          0          0          0          0          0          0 
       301        304        303        312        285        294        297        298        286        306        291        313 
       420        400        343        359        346        353        351        360        362        380        398        353 
];
router09=[       359        371        370        379        354        354        361        354        356        376        364        378 
       283        276        301        265        295        260        285        273        289        259        291        259 
       288        294        291        302        281        294        300        302        298        301        283        290 
       412        398        400        422        391        387        396        404        405        399        386        405 
       394        371        379        363        372        368        371        380        360        357        375        341 
];
router10=[       363        357        380        360        385        353        405        335        373        346        398        350 
       258        295        267        289        265        285        257        299        250        296        244        281 
       400        428        358        438        392        397        385        415        387        396        398        378 
       305        314        299        302        281        301        277        314        300        310        320        298 
       360        351        388        369        357        382        366        352        374        378        347        393 
];
