router00=[         0          0          0          0          0          0          0          0          0          0          0          0 
        37         99         54         88         46         73         38         82         46         83         43         84 
         0          0          0          0          0          0          0          0          0          0          0          0 
        59         92         59        102         68         96         61         79         77         87         61         81 
        92         85         95         92         82        105        105        100         84         95         84         88 
];
router01=[         0          0          0          0          0          0          0          0          0          0          0          0 
        54         86         54         99         35        101         45        100         44        101         35         92 
        60         94         48         87         58         91         59         96         69         83         55         70 
        90        111         94        101         95        107         83         98         88        101         90        117 
        84         88         92         95         97         92         93         95         76        105         89         77 
];
router02=[         0          0          0          0          0          0          0          0          0          0          0          0 
        38         91         42         90         40         92         42         90         40         85         33         87 
        81        127         78        103         83        111         91        117         87        105        103        108 
        58         92         62        104         70         89         66         92         64         85         63         85 
        68         92        101         85         86         89         82         79         70         96         91         85 
];
router03=[         0          0          0          0          0          0          0          0          0          0          0          0 
        51         95         44         84         63         90         55         93         53         90         58         86 
        51         89         51         88         45         96         47        102         50         80         51         81 
         0          0          0          0          0          0          0          0          0          0          0          0 
       102        108         94         67         92         98        110         75        100        101         77         85 
];
router04=[        39         97         42        104         37         94         40         89         35         93         43        100 
        60        107         77        104         66        114         62        104         69        100         71        114 
         0          0          0          0          0          0          0          0          0          0          0          0 
        56         99         55         81         57         87         55         93         58         75         52         85 
       109         95         95        101         94         89         98         72         91         98         96         81 
];
router05=[        66         68         62         73         69         70         62         69         66         63         64         64 
        67        106         83        118         67        100         80        103         77         94         81        103 
        45         92         47        100         57        110         45        102         60         91         50         99 
        78        129         85        136         65        113         76        116         85         95         68        110 
        98         82        105         80         98         87         91         95         70         97         85         98 
];
router06=[        50         76         53         84         52         75         58         76         48         77         50         62 
        52        136         49        132         48        122         53        130         53        128         51        112 
        73        124         83        122         85        124         87        113         83         87         86        108 
        67         95         68         85         54         99         54         96         54         88         52         90 
        77         98         88         93         88         83         82         97         78        102        102         71 
];
router07=[        60         82         59         71         59         78         66         77         66         74         61         73 
        88        108         79        102         79        102         78        107         80         97         88        107 
        41        100         56         93         54        106         51        103         49        104         43         93 
         0          0          0          0          0          0          0          0          0          0          0          0 
       105         98         88         93        101         82         90         77         84         87         94         83 
];
router08=[        62        132         55        132         52        123         66        139         50        133         57        120 
        51         85         56         81         53         84         56         86         54         87         58         74 
         0          0          0          0          0          0          0          0          0          0          0          0 
        52         96         53         93         64         88         57         94         61        102         51         89 
        91         81         90         97        102         92         94         84         90         81         81         81 
];
router09=[        67        118         67        104         82        103         64        113         69        109         70         94 
        50         88         54         86         53         78         51         78         50         84         57         77 
        59        103         62         91         73         83         57         93         68         83         67         96 
        69        129         85        127         71        124         69        120         61        123         67        120 
       108         87        110         83         83         96        105         95        101         89         78         78 
];
router10=[        38        148         31        133         42        130         38        133         41        134         45        129 
        41        104         46         89         40         88         44         99         40         97         41         89 
        95        112         87        112         87        123         79        113         90        119         72        105 
        61        101         55         96         71         89         70         83         71         76         67         82 
        85         95         98         90         78         83         90         94         75         80         96         84 
];
