router00=[         0          0          0          0          0          0          0          0          0          0          0          0 
      2526       2542       2527       2534       2514       2542       2521       2521       2529       2515       2528       2524 
         0          0          0          0          0          0          0          0          0          0          0          0 
         0          0          0          0          0          0          0          0          0          0          0          0 
         0          0          0          0          0          0          0          0          0          0          0          0 
];
router01=[         0          0          0          0          0          0          0          0          0          0          0          0 
         0          0          0          0          0          0          0          0          0          0          0          0 
      2549       2500       2558       2507       2550       2522       2530       2521       2529       2523       2536       2498 
         0          0          0          0          0          0          0          0          0          0          0          0 
       852        783        820        862        864        837        822        877        824        817        837        839 
];
router02=[         0          0          0          0          0          0          0          0          0          0          0          0 
         0          0          0          0          0          0          0          0          0          0          0          0 
      1593       1775       1619       1787       1618       1822       1566       1770       1615       1761       1644       1780 
         0          0          0          0          0          0          0          0          0          0          0          0 
       846        805        944        831        855        821        880        857        890        836        869        819 
];
router03=[         0          0          0          0          0          0          0          0          0          0          0          0 
         0          0          0          0          0          0          0          0          0          0          0          0 
       829        866        794        886        841        853        848        857        838        864        867        877 
         0          0          0          0          0          0          0          0          0          0          0          0 
       832        802        831        815        849        831        882        840        843        833        822        834 
];
router04=[         0          0          0          0          0          0          0          0          0          0          0          0 
      1648       1754       1652       1746       1662       1734       1659       1743       1660       1724       1648       1739 
         0          0          0          0          0          0          0          0          0          0          0          0 
       832        845        834        840        835        837        837        834        841        829        836        834 
       857        836        851        864        808        833        838        820        830        823        793        826 
];
router05=[       833        847        832        841        838        831        838        828        843        828        845        830 
      1608       1748       1614       1733       1628       1720       1640       1706       1642       1705       1631       1724 
         0          0          0          0          0          0          0          0          0          0          0          0 
         0          0          0          0          0          0          0          0          0          0          0          0 
         0          0          0          0          0          0          0          0          0          0          0          0 
];
router06=[       857        860        854        860        855        854        852        859        851        853        854        854 
         0          0          0          0          0          0          0          0          0          0          0          0 
      1666       1689       1663       1686       1671       1682       1669       1682       1671       1672       1682       1666 
         0          0          0          0          0          0          0          0          0          0          0          0 
       885        833        782        843        882        845        785        869        789        874        813        825 
];
router07=[       769        908        769        902        775        891        774        895        770        899        770        897 
         0          0          0          0          0          0          0          0          0          0          0          0 
       787        888        746        875        801        840        815        888        773        893        791        845 
         0          0          0          0          0          0          0          0          0          0          0          0 
       884        850        871        856        898        823        845        855        874        812        834        871 
];
router08=[         0          0          0          0          0          0          0          0          0          0          0          0 
       820        887        826        886        823        882        821        878        822        878        822        879 
         0          0          0          0          0          0          0          0          0          0          0          0 
       866        851        850        892        825        857        854        822        867        844        872        853 
       816        860        850        803        855        823        890        860        901        780        864        832 
];
router09=[         0          0          0          0          0          0          0          0          0          0          0          0 
       855        805        859        804        853        806        852        805        854        797        855        798 
         0          0          0          0          0          0          0          0          0          0          0          0 
      1647       1732       1640       1742       1637       1741       1636       1744       1644       1736       1647       1732 
       862        847        874        819        810        878        878        874        817        855        815        830 
];
router10=[      1614       1772       1613       1775       1609       1776       1607       1773       1608       1765       1600       1766 
       848        819        851        819        851        814        851        811        847        811        845        809 
         0          0          0          0          0          0          0          0          0          0          0          0 
         0          0          0          0          0          0          0          0          0          0          0          0 
         0          0          0          0          0          0          0          0          0          0          0          0 
];
