router00=[         0          0          0          0          0          0          0          0          0          0          0          0 
      9883       9874       9841       9912       9899       9879       9841       9833       9944       9920       9902       9916 
         0          0          0          0          0          0          0          0          0          0          0          0 
         0          0          0          0          0          0          0          0          0          0          0          0 
         0          0          0          0          0          0          0          0          0          0          0          0 
];
router01=[         0          0          0          0          0          0          0          0          0          0          0          0 
         0          0          0          0          0          0          0          0          0          0          0          0 
      9815       9840       9792       9828       9744       9798       9782       9833       9798       9814       9808       9792 
         0          0          0          0          0          0          0          0          0          0          0          0 
      3298       3283       3229       3294       3292       3243       3400       3422       3304       3381       3348       3223 
];
router02=[         0          0          0          0          0          0          0          0          0          0          0          0 
         0          0          0          0          0          0          0          0          0          0          0          0 
      6609       6516       6510       6589       6572       6494       6472       6574       6516       6552       6583       6611 
         0          0          0          0          0          0          0          0          0          0          0          0 
      3229       3207       3299       3344       3256       3267       3310       3288       3381       3204       3281       3306 
];
router03=[         0          0          0          0          0          0          0          0          0          0          0          0 
         0          0          0          0          0          0          0          0          0          0          0          0 
      3234       3211       3252       3244       3287       3249       3286       3286       3276       3258       3290       3197 
         0          0          0          0          0          0          0          0          0          0          0          0 
      3359       3372       3238       3402       3306       3229       3383       3221       3308       3335       3367       3351 
];
router04=[         0          0          0          0          0          0          0          0          0          0          0          0 
     21474      22288      22948      21770      22240      22106      22143      22561      22191      22260      20851      21356 
         0          0          0          0          0          0          0          0          0          0          0          0 
      3310       3312       3319       3287       3337       3287       3328       3290       3327       3296       3331       3293 
     10277      10472      10857      10720      11885      10900      10761      11458      11123      11585      12025      10650 
];
router05=[      3324       3307       3308       3313       3318       3293       3327       3297       3322       3295       3323       3290 
      6560       6533       6539       6589       6536       6539       6521       6523       6528       6565       6541       6510 
         0          0          0          0          0          0          0          0          0          0          0          0 
         0          0          0          0          0          0          0          0          0          0          0          0 
         0          0          0          0          0          0          0          0          0          0          0          0 
];
router06=[      3253       3312       3278       3286       3297       3320       3277       3325       3281       3308       3304       3289 
         0          0          0          0          0          0          0          0          0          0          0          0 
      6535       6550       6576       6517       6562       6525       6565       6550       6503       6556       6488       6557 
         0          0          0          0          0          0          0          0          0          0          0          0 
      3269       3309       3321       3316       3273       3294       3205       3248       3345       3217       3271       3311 
];
router07=[     14559      15745      14358      13982      13306      13808      14502      14934      13279      14025      14520      14598 
         0          0          0          0          0          0          0          0          0          0          0          0 
      3325       3294       3270       3236       3259       3280       3292       3178       3351       3247       3360       3265 
         0          0          0          0          0          0          0          0          0          0          0          0 
      9337       9469      10175       9377       8789       9027       9659       9079       9457      10003       9018       9655 
];
router08=[         0          0          0          0          0          0          0          0          0          0          0          0 
      7996       8324       7974       8359       8236       8290       8515       8385       8466       7900       8622       8032 
         0          0          0          0          0          0          0          0          0          0          0          0 
      3244       3289       3286       3289       3256       3297       3304       3318       3226       3268       3338       3257 
      6239       6905       6542       6197       6385       6249       6588       6333       6587       6944       6465       6549 
];
router09=[         0          0          0          0          0          0          0          0          0          0          0          0 
      3293       3265       3314       3253       3308       3259       3311       3278       3272       3298       3267       3301 
         0          0          0          0          0          0          0          0          0          0          0          0 
      6553       6550       6571       6537       6570       6546       6620       6563       6551       6588       6586       6516 
      3221       3310       3296       3214       3317       3300       3186       3328       3227       3289       3220       3302 
];
router10=[      6552       6541       6679       6493       6606       6576       6540       6600       6489       6555       6566       6554 
      3259       3295       3267       3261       3277       3273       3278       3269       3270       3265       3263       3269 
         0          0          0          0          0          0          0          0          0          0          0          0 
         0          0          0          0          0          0          0          0          0          0          0          0 
         0          0          0          0          0          0          0          0          0          0          0          0 
];
