router00=[         0          0          0          0          0          0          0          0          0          0          0          0 
      8817       8804       8845       8769       8921       8801       8890       8858       8910       8882       8844       8851 
         0          0          0          0          0          0          0          0          0          0          0          0 
         0          0          0          0          0          0          0          0          0          0          0          0 
         0          0          0          0          0          0          0          0          0          0          0          0 
];
router01=[         0          0          0          0          0          0          0          0          0          0          0          0 
         0          0          0          0          0          0          0          0          0          0          0          0 
      8825       8791       8817       8930       8811       8840       8828       8868       8853       8826       8788       8849 
         0          0          0          0          0          0          0          0          0          0          0          0 
      2890       2955       3060       2982       2983       2870       2918       2914       2918       2996       3014       3015 
];
router02=[         0          0          0          0          0          0          0          0          0          0          0          0 
         0          0          0          0          0          0          0          0          0          0          0          0 
      5924       5808       5911       5954       5887       5959       5953       5828       5887       5936       5910       5834 
         0          0          0          0          0          0          0          0          0          0          0          0 
      3009       2891       3000       2917       2886       2889       2894       2996       2910       2894       2976       2969 
];
router03=[         0          0          0          0          0          0          0          0          0          0          0          0 
         0          0          0          0          0          0          0          0          0          0          0          0 
      2877       2949       2930       2973       2921       2975       2980       2947       2924       2936       2894       2948 
         0          0          0          0          0          0          0          0          0          0          0          0 
      2918       2991       2915       2846       2909       2954       2958       3006       2990       2940       2937       3021 
];
router04=[         0          0          0          0          0          0          0          0          0          0          0          0 
      8747       8856       8186       8445       8418       8426       8823       8299       8243       8504       8791       8268 
         0          0          0          0          0          0          0          0          0          0          0          0 
      2987       2935       2997       2912       3002       2924       2997       2917       3009       2918       2989       2928 
      4400       4404       4138       4406       4518       4331       4275       4342       4278       4441       4568       4182 
];
router05=[      3017       2894       3035       2894       3043       2872       3033       2907       3012       2890       3027       2891 
      5917       5840       5905       5822       5901       5820       5910       5836       5879       5788       5899       5833 
         0          0          0          0          0          0          0          0          0          0          0          0 
         0          0          0          0          0          0          0          0          0          0          0          0 
         0          0          0          0          0          0          0          0          0          0          0          0 
];
router06=[      2949       2964       2945       2967       2931       2960       2932       2956       2925       2956       2917       2953 
         0          0          0          0          0          0          0          0          0          0          0          0 
      5839       5858       5869       5873       5855       5843       5901       5822       5867       5854       5888       5881 
         0          0          0          0          0          0          0          0          0          0          0          0 
      3033       3084       2899       2949       2894       3014       2893       2842       2976       2924       2878       2868 
];
router07=[      4590       4658       4811       4382       4349       4650       4645       4763       4448       4311       4096       4909 
         0          0          0          0          0          0          0          0          0          0          0          0 
      2949       2966       2916       2948       2910       2997       2906       2929       2900       2981       2908       2952 
         0          0          0          0          0          0          0          0          0          0          0          0 
      3864       3954       3981       3728       3943       4024       3702       3888       3754       3963       3957       3771 
];
router08=[         0          0          0          0          0          0          0          0          0          0          0          0 
      3627       3446       3681       3612       3634       3340       3581       3834       3530       3629       3812       3719 
         0          0          0          0          0          0          0          0          0          0          0          0 
      2949       2914       2909       2950       2949       2964       2885       3002       2921       2955       2873       2960 
      3664       3259       3556       3641       3239       3317       3465       3498       3242       3433       3495       3452 
];
router09=[         0          0          0          0          0          0          0          0          0          0          0          0 
      2988       2905       2992       2900       3005       2888       2995       2874       3007       2879       2989       2896 
         0          0          0          0          0          0          0          0          0          0          0          0 
      5892       5896       5851       5922       5842       5917       5849       5900       5813       5884       5873       5846 
      2931       2955       3008       3019       2926       2920       2846       2837       2964       2915       2908       2923 
];
router10=[      5856       5885       5847       5928       5834       5882       5885       5892       5844       5883       5871       5878 
      2986       2893       3017       2880       3026       2870       3026       2876       3011       2899       2994       2898 
         0          0          0          0          0          0          0          0          0          0          0          0 
         0          0          0          0          0          0          0          0          0          0          0          0 
         0          0          0          0          0          0          0          0          0          0          0          0 
];
