router00=[         0          0          0          0          0          0          0          0          0          0          0          0 
     10619      10471      10591      10402      10389      10483      10521      10453      10520      10530      10546      10550 
         0          0          0          0          0          0          0          0          0          0          0          0 
         0          0          0          0          0          0          0          0          0          0          0          0 
         0          0          0          0          0          0          0          0          0          0          0          0 
];
router01=[         0          0          0          0          0          0          0          0          0          0          0          0 
         0          0          0          0          0          0          0          0          0          0          0          0 
     10379      10294      10376      10411      10277      10297      10293      10306      10251      10309      10319      10369 
         0          0          0          0          0          0          0          0          0          0          0          0 
      3400       3445       3448       3337       3413       3590       3409       3532       3541       3422       3508       3415 
];
router02=[         0          0          0          0          0          0          0          0          0          0          0          0 
         0          0          0          0          0          0          0          0          0          0          0          0 
      6815       6878       6836       6850       6867       6885       6923       6861       6841       6868       6863       6863 
         0          0          0          0          0          0          0          0          0          0          0          0 
      3457       3397       3457       3488       3400       3447       3374       3513       3504       3403       3439       3519 
];
router03=[         0          0          0          0          0          0          0          0          0          0          0          0 
         0          0          0          0          0          0          0          0          0          0          0          0 
      3424       3431       3381       3469       3424       3442       3433       3452       3479       3436       3420       3452 
         0          0          0          0          0          0          0          0          0          0          0          0 
      3391       3450       3382       3522       3548       3412       3475       3364       3380       3454       3478       3440 
];
router04=[         0          0          0          0          0          0          0          0          0          0          0          0 
     47019      45693      46050      47122      45486      46000      46316      45622      45955      45690      47527      47124 
         0          0          0          0          0          0          0          0          0          0          0          0 
      3430       3494       3421       3480       3427       3478       3438       3472       3439       3467       3442       3472 
     21701      20576      21882      22291      21571      21929      21080      21656      21836      20880      20636      21640 
];
router05=[      3434       3481       3430       3480       3444       3475       3421       3483       3428       3496       3418       3470 
      6850       6950       6838       6897       6929       6885       6842       6935       6834       6935       6833       6938 
         0          0          0          0          0          0          0          0          0          0          0          0 
         0          0          0          0          0          0          0          0          0          0          0          0 
         0          0          0          0          0          0          0          0          0          0          0          0 
];
router06=[      3420       3501       3439       3485       3448       3473       3485       3442       3475       3448       3476       3477 
         0          0          0          0          0          0          0          0          0          0          0          0 
      6826       6980       6804       6997       6840       6915       6874       6880       6883       6912       6846       6909 
         0          0          0          0          0          0          0          0          0          0          0          0 
      3469       3534       3344       3464       3443       3462       3409       3568       3446       3434       3506       3430 
];
router07=[     24062      24055      24327      25038      23317      25160      27052      26315      25044      25582      26922      24363 
         0          0          0          0          0          0          0          0          0          0          0          0 
      3436       3445       3408       3516       3452       3495       3450       3431       3474       3433       3470       3469 
         0          0          0          0          0          0          0          0          0          0          0          0 
     15420      15542      14300      15380      15164      16028      15956      15368      15618      15506      15623      15520 
];
router08=[         0          0          0          0          0          0          0          0          0          0          0          0 
     14995      15303      15725      15068      15324      16126      15050      15388      15199      15227      15147      15007 
         0          0          0          0          0          0          0          0          0          0          0          0 
      3467       3423       3411       3420       3439       3488       3420       3436       3418       3470       3489       3517 
     11359      11240      10967      11361      10890      10990      11312      11608      11080      11367      11956      11507 
];
router09=[         0          0          0          0          0          0          0          0          0          0          0          0 
      3442       3478       3485       3453       3473       3439       3486       3465       3459       3471       3467       3448 
         0          0          0          0          0          0          0          0          0          0          0          0 
      6851       6996       6836       6985       6843       6935       6902       6924       6890       6951       6903       6891 
      3450       3479       3425       3389       3491       3371       3379       3549       3388       3441       3440       3500 
];
router10=[      6950       6885       6933       6833       6987       6869       6986       6805       7004       6811       6992       6852 
      3405       3492       3396       3470       3411       3472       3413       3465       3418       3448       3414       3461 
         0          0          0          0          0          0          0          0          0          0          0          0 
         0          0          0          0          0          0          0          0          0          0          0          0 
         0          0          0          0          0          0          0          0          0          0          0          0 
];
