router00=[         0          0          0          0          0          0          0          0          0          0          0          0 
      7794       7803       7797       7803       7756       7796       7828       7760       7863       7797       7798       7798 
         0          0          0          0          0          0          0          0          0          0          0          0 
         0          0          0          0          0          0          0          0          0          0          0          0 
         0          0          0          0          0          0          0          0          0          0          0          0 
];
router01=[         0          0          0          0          0          0          0          0          0          0          0          0 
         0          0          0          0          0          0          0          0          0          0          0          0 
      7831       7770       7820       7725       7826       7746       7808       7807       7823       7809       7840       7771 
         0          0          0          0          0          0          0          0          0          0          0          0 
      2598       2595       2594       2633       2650       2617       2539       2556       2621       2598       2706       2618 
];
router02=[         0          0          0          0          0          0          0          0          0          0          0          0 
         0          0          0          0          0          0          0          0          0          0          0          0 
      5189       5225       5203       5171       5230       5201       5081       5152       5176       5181       5256       5195 
         0          0          0          0          0          0          0          0          0          0          0          0 
      2590       2603       2649       2540       2557       2606       2591       2611       2647       2602       2546       2718 
];
router03=[         0          0          0          0          0          0          0          0          0          0          0          0 
         0          0          0          0          0          0          0          0          0          0          0          0 
      2559       2567       2504       2592       2584       2636       2544       2588       2605       2689       2584       2589 
         0          0          0          0          0          0          0          0          0          0          0          0 
      2589       2684       2599       2598       2646       2601       2509       2600       2618       2579       2741       2554 
];
router04=[         0          0          0          0          0          0          0          0          0          0          0          0 
      5311       5555       5337       5495       5322       5394       5314       5424       5356       5505       5383       5507 
         0          0          0          0          0          0          0          0          0          0          0          0 
      2558       2673       2561       2652       2573       2659       2560       2657       2565       2650       2567       2650 
      2736       2859       2787       2771       2773       2804       2717       2732       2765       2744       2775       2705 
];
router05=[      2640       2593       2626       2591       2631       2586       2633       2585       2643       2584       2645       2568 
      5158       5273       5174       5272       5168       5265       5148       5287       5141       5265       5173       5275 
         0          0          0          0          0          0          0          0          0          0          0          0 
         0          0          0          0          0          0          0          0          0          0          0          0 
         0          0          0          0          0          0          0          0          0          0          0          0 
];
router06=[      2561       2664       2564       2663       2557       2660       2546       2671       2554       2676       2564       2666 
         0          0          0          0          0          0          0          0          0          0          0          0 
      5136       5277       5203       5220       5229       5203       5231       5237       5161       5275       5151       5276 
         0          0          0          0          0          0          0          0          0          0          0          0 
      2596       2559       2668       2597       2642       2630       2625       2591       2598       2551       2646       2567 
];
router07=[      2705       2774       2778       2795       2819       2708       2698       2820       2766       2714       2647       2639 
         0          0          0          0          0          0          0          0          0          0          0          0 
      2592       2590       2598       2651       2581       2584       2660       2565       2635       2539       2572       2548 
         0          0          0          0          0          0          0          0          0          0          0          0 
      2741       2719       2785       2671       2616       2710       2714       2720       2769       2630       2631       2760 
];
router08=[         0          0          0          0          0          0          0          0          0          0          0          0 
      2603       2635       2615       2680       2584       2665       2586       2644       2635       2606       2619       2605 
         0          0          0          0          0          0          0          0          0          0          0          0 
      2662       2574       2612       2586       2620       2629       2616       2599       2599       2573       2573       2617 
      2655       2610       2724       2544       2647       2612       2606       2593       2587       2618       2644       2697 
];
router09=[         0          0          0          0          0          0          0          0          0          0          0          0 
      2642       2564       2648       2546       2640       2553       2639       2547       2636       2558       2633       2562 
         0          0          0          0          0          0          0          0          0          0          0          0 
      5195       5204       5196       5239       5202       5255       5157       5242       5165       5259       5185       5231 
      2672       2633       2649       2650       2581       2576       2643       2627       2587       2651       2646       2621 
];
router10=[      5228       5175       5221       5165       5267       5158       5309       5146       5297       5140       5266       5158 
      2620       2560       2624       2561       2612       2571       2596       2573       2609       2549       2634       2550 
         0          0          0          0          0          0          0          0          0          0          0          0 
         0          0          0          0          0          0          0          0          0          0          0          0 
         0          0          0          0          0          0          0          0          0          0          0          0 
];
