router00=[         0          0          0          0          0          0          0          0          0          0          0          0 
      8011       8111       8078       8080       8117       8093       8034       8083       8007       8089       8049       8058 
         0          0          0          0          0          0          0          0          0          0          0          0 
         0          0          0          0          0          0          0          0          0          0          0          0 
         0          0          0          0          0          0          0          0          0          0          0          0 
];
router01=[         0          0          0          0          0          0          0          0          0          0          0          0 
         0          0          0          0          0          0          0          0          0          0          0          0 
      8108       8083       8086       8089       8047       8013       8073       8040       8036       8033       8129       8017 
         0          0          0          0          0          0          0          0          0          0          0          0 
      2748       2751       2625       2730       2778       2701       2682       2722       2707       2628       2704       2745 
];
router02=[         0          0          0          0          0          0          0          0          0          0          0          0 
         0          0          0          0          0          0          0          0          0          0          0          0 
      5391       5363       5472       5359       5386       5328       5434       5327       5489       5318       5405       5328 
         0          0          0          0          0          0          0          0          0          0          0          0 
      2685       2668       2729       2624       2660       2694       2686       2741       2784       2674       2603       2774 
];
router03=[         0          0          0          0          0          0          0          0          0          0          0          0 
         0          0          0          0          0          0          0          0          0          0          0          0 
      2698       2684       2779       2615       2665       2634       2740       2611       2732       2692       2724       2669 
         0          0          0          0          0          0          0          0          0          0          0          0 
      2666       2797       2689       2644       2668       2737       2633       2751       2648       2688       2744       2705 
];
router04=[         0          0          0          0          0          0          0          0          0          0          0          0 
      6070       5981       5978       5923       6128       6143       6197       6182       6317       6045       6216       6228 
         0          0          0          0          0          0          0          0          0          0          0          0 
      2690       2735       2678       2749       2685       2726       2685       2735       2676       2752       2670       2740 
      2962       3163       3134       3001       2877       3091       2989       3109       3082       3006       3043       3189 
];
router05=[      2612       2825       2611       2799       2619       2805       2617       2789       2627       2798       2606       2813 
      5352       5394       5359       5404       5364       5385       5364       5348       5384       5335       5371       5338 
         0          0          0          0          0          0          0          0          0          0          0          0 
         0          0          0          0          0          0          0          0          0          0          0          0 
         0          0          0          0          0          0          0          0          0          0          0          0 
];
router06=[      2685       2727       2688       2702       2679       2735       2677       2713       2673       2725       2665       2740 
         0          0          0          0          0          0          0          0          0          0          0          0 
      5369       5345       5393       5326       5364       5381       5364       5359       5386       5349       5387       5375 
         0          0          0          0          0          0          0          0          0          0          0          0 
      2691       2707       2662       2629       2667       2719       2715       2641       2703       2639       2734       2677 
];
router07=[      3076       3034       3021       2982       3110       2918       2935       3048       3038       3158       3089       2950 
         0          0          0          0          0          0          0          0          0          0          0          0 
      2592       2762       2688       2711       2674       2653       2707       2676       2593       2708       2645       2718 
         0          0          0          0          0          0          0          0          0          0          0          0 
      2950       2924       2995       2880       2829       3040       2910       2849       2848       2891       3059       2777 
];
router08=[         0          0          0          0          0          0          0          0          0          0          0          0 
      2833       2896       2779       2858       2878       2911       2910       2926       2789       2921       2811       2898 
         0          0          0          0          0          0          0          0          0          0          0          0 
      2678       2722       2683       2724       2669       2697       2719       2680       2675       2709       2692       2674 
      2762       2824       2849       2856       2811       2915       2758       2757       2837       2771       2684       2968 
];
router09=[         0          0          0          0          0          0          0          0          0          0          0          0 
      2616       2751       2626       2749       2626       2734       2621       2735       2617       2747       2600       2751 
         0          0          0          0          0          0          0          0          0          0          0          0 
      5376       5377       5364       5376       5394       5377       5366       5349       5388       5377       5375       5387 
      2806       2718       2671       2727       2695       2662       2752       2498       2702       2758       2635       2696 
];
router10=[      5389       5394       5346       5403       5379       5342       5381       5361       5395       5339       5412       5365 
      2704       2626       2698       2627       2697       2634       2676       2646       2694       2627       2685       2621 
         0          0          0          0          0          0          0          0          0          0          0          0 
         0          0          0          0          0          0          0          0          0          0          0          0 
         0          0          0          0          0          0          0          0          0          0          0          0 
];
