router00=[         0          0          0          0          0          0          0          0          0          0          0          0 
     10162      10181      10215      10176      10221      10223      10115      10251      10163      10179      10186      10223 
         0          0          0          0          0          0          0          0          0          0          0          0 
         0          0          0          0          0          0          0          0          0          0          0          0 
         0          0          0          0          0          0          0          0          0          0          0          0 
];
router01=[         0          0          0          0          0          0          0          0          0          0          0          0 
         0          0          0          0          0          0          0          0          0          0          0          0 
     10100      10065       9996      10073      10037      10101      10072      10128      10115      10073      10050      10100 
         0          0          0          0          0          0          0          0          0          0          0          0 
      3278       3417       3311       3285       3329       3432       3320       3439       3469       3350       3376       3396 
];
router02=[         0          0          0          0          0          0          0          0          0          0          0          0 
         0          0          0          0          0          0          0          0          0          0          0          0 
      6739       6714       6799       6727       6726       6716       6690       6693       6763       6687       6795       6752 
         0          0          0          0          0          0          0          0          0          0          0          0 
      3431       3322       3363       3352       3370       3423       3368       3306       3471       3268       3320       3382 
];
router03=[         0          0          0          0          0          0          0          0          0          0          0          0 
         0          0          0          0          0          0          0          0          0          0          0          0 
      3353       3355       3376       3348       3342       3361       3413       3375       3325       3382       3330       3392 
         0          0          0          0          0          0          0          0          0          0          0          0 
      3431       3400       3350       3323       3380       3344       3364       3474       3286       3402       3338       3326 
];
router04=[         0          0          0          0          0          0          0          0          0          0          0          0 
     33052      31959      31373      32192      31557      32017      30812      31966      31487      32225      32325      31838 
         0          0          0          0          0          0          0          0          0          0          0          0 
      3389       3346       3391       3335       3391       3358       3381       3353       3398       3335       3391       3334 
     15899      14831      15508      15456      15090      15475      15152      15072      16087      14802      15281      15523 
];
router05=[      3404       3342       3395       3342       3390       3355       3381       3343       3397       3334       3391       3328 
      6740       6705       6756       6730       6727       6744       6714       6711       6756       6697       6742       6702 
         0          0          0          0          0          0          0          0          0          0          0          0 
         0          0          0          0          0          0          0          0          0          0          0          0 
         0          0          0          0          0          0          0          0          0          0          0          0 
];
router06=[      3350       3406       3351       3393       3384       3376       3382       3417       3337       3405       3352       3377 
         0          0          0          0          0          0          0          0          0          0          0          0 
      6756       6716       6736       6727       6751       6709       6731       6742       6712       6728       6720       6696 
         0          0          0          0          0          0          0          0          0          0          0          0 
      3371       3444       3364       3374       3392       3413       3339       3431       3352       3377       3384       3364 
];
router07=[     21529      21924      21048      21519      20762      20599      21606      21915      21955      21136      21143      20958 
         0          0          0          0          0          0          0          0          0          0          0          0 
      3251       3434       3322       3347       3323       3368       3271       3407       3369       3444       3310       3508 
         0          0          0          0          0          0          0          0          0          0          0          0 
     13503      12686      13257      13508      12946      13399      12486      12142      13651      13048      12711      12112 
];
router08=[         0          0          0          0          0          0          0          0          0          0          0          0 
     11074      11497      11853      11283      10942      11920      11743      10825      10580      11258      11514      11014 
         0          0          0          0          0          0          0          0          0          0          0          0 
      3315       3354       3392       3342       3339       3380       3440       3378       3344       3345       3341       3406 
      8490       8622       7896       9138       8683       9038       8426       8390       8340       8155       8789       8463 
];
router09=[         0          0          0          0          0          0          0          0          0          0          0          0 
      3298       3455       3290       3452       3285       3440       3313       3426       3295       3439       3308       3442 
         0          0          0          0          0          0          0          0          0          0          0          0 
      6750       6738       6745       6760       6764       6761       6738       6742       6739       6733       6777       6734 
      3380       3375       3349       3271       3422       3352       3352       3448       3353       3312       3409       3436 
];
router10=[      6749       6739       6754       6719       6721       6814       6716       6754       6753       6734       6769       6759 
      3409       3307       3397       3294       3395       3313       3390       3321       3387       3307       3392       3307 
         0          0          0          0          0          0          0          0          0          0          0          0 
         0          0          0          0          0          0          0          0          0          0          0          0 
         0          0          0          0          0          0          0          0          0          0          0          0 
];
