router00=[         0          0          0          0          0          0          0          0          0          0          0          0 
      8558       8599       8499       8583       8505       8558       8537       8522       8585       8503       8556       8526 
         0          0          0          0          0          0          0          0          0          0          0          0 
         0          0          0          0          0          0          0          0          0          0          0          0 
         0          0          0          0          0          0          0          0          0          0          0          0 
];
router01=[         0          0          0          0          0          0          0          0          0          0          0          0 
         0          0          0          0          0          0          0          0          0          0          0          0 
      8543       8518       8568       8563       8567       8522       8496       8558       8552       8441       8554       8542 
         0          0          0          0          0          0          0          0          0          0          0          0 
      2892       2884       2833       2873       2875       2771       2838       2863       2865       2901       2852       2907 
];
router02=[         0          0          0          0          0          0          0          0          0          0          0          0 
         0          0          0          0          0          0          0          0          0          0          0          0 
      5727       5618       5760       5689       5731       5727       5686       5703       5664       5673       5696       5659 
         0          0          0          0          0          0          0          0          0          0          0          0 
      2885       2784       2854       2801       2827       2775       2829       2874       2791       2842       2849       2874 
];
router03=[         0          0          0          0          0          0          0          0          0          0          0          0 
         0          0          0          0          0          0          0          0          0          0          0          0 
      2884       2840       2839       2851       2852       2853       2907       2792       2826       2856       2829       2863 
         0          0          0          0          0          0          0          0          0          0          0          0 
      2868       2815       2843       2781       2827       2871       2921       2909       2935       2875       2914       2855 
];
router04=[         0          0          0          0          0          0          0          0          0          0          0          0 
      6803       7098       6887       7192       6910       6960       7030       7343       6777       7008       6901       6925 
         0          0          0          0          0          0          0          0          0          0          0          0 
      2832       2887       2849       2881       2848       2880       2840       2896       2830       2885       2836       2890 
      3406       3577       3543       3666       3458       3657       3723       3400       3574       3388       3839       3407 
];
router05=[      2942       2797       2926       2812       2912       2806       2936       2801       2926       2788       2934       2774 
      5678       5682       5731       5654       5683       5658       5690       5704       5669       5698       5696       5660 
         0          0          0          0          0          0          0          0          0          0          0          0 
         0          0          0          0          0          0          0          0          0          0          0          0 
         0          0          0          0          0          0          0          0          0          0          0          0 
];
router06=[      2824       2868       2832       2853       2821       2879       2821       2846       2842       2852       2828       2852 
         0          0          0          0          0          0          0          0          0          0          0          0 
      5625       5764       5615       5782       5590       5736       5616       5711       5655       5734       5637       5738 
         0          0          0          0          0          0          0          0          0          0          0          0 
      2977       2910       2843       2863       2843       2946       2813       2791       2813       2846       2853       2801 
];
router07=[      3925       3657       4000       3905       3937       3837       3474       3774       3882       4143       3570       4007 
         0          0          0          0          0          0          0          0          0          0          0          0 
      2937       2827       2838       2843       2825       2831       2872       2774       2901       2777       2906       2839 
         0          0          0          0          0          0          0          0          0          0          0          0 
      3134       3286       3509       3385       3418       3569       3454       3413       3419       3423       3494       3376 
];
router08=[         0          0          0          0          0          0          0          0          0          0          0          0 
      3034       3291       3201       3078       3224       3141       3003       3332       3113       3163       2977       3000 
         0          0          0          0          0          0          0          0          0          0          0          0 
      2834       2862       2864       2833       2816       2835       2817       2927       2722       2885       2750       2840 
      2961       3081       3222       3068       3122       3047       2940       3085       2958       3118       3122       3108 
];
router09=[         0          0          0          0          0          0          0          0          0          0          0          0 
      2874       2839       2868       2829       2874       2847       2861       2844       2856       2854       2862       2826 
         0          0          0          0          0          0          0          0          0          0          0          0 
      5686       5712       5690       5686       5703       5659       5721       5623       5707       5680       5738       5679 
      2807       2950       2768       2833       2916       2888       2781       2779       2866       2824       2863       2821 
];
router10=[      5717       5635       5747       5673       5698       5703       5709       5641       5751       5605       5768       5637 
      2905       2862       2900       2864       2890       2869       2893       2865       2903       2860       2905       2843 
         0          0          0          0          0          0          0          0          0          0          0          0 
         0          0          0          0          0          0          0          0          0          0          0          0 
         0          0          0          0          0          0          0          0          0          0          0          0 
];
