router00=[         0          0          0          0          0          0          0          0          0          0          0          0 
      8373       8352       8233       8443       8306       8369       8349       8276       8375       8273       8354       8345 
         0          0          0          0          0          0          0          0          0          0          0          0 
         0          0          0          0          0          0          0          0          0          0          0          0 
         0          0          0          0          0          0          0          0          0          0          0          0 
];
router01=[         0          0          0          0          0          0          0          0          0          0          0          0 
         0          0          0          0          0          0          0          0          0          0          0          0 
      8269       8311       8295       8355       8311       8369       8300       8344       8270       8450       8290       8419 
         0          0          0          0          0          0          0          0          0          0          0          0 
      2784       2779       2722       2770       2833       2735       2797       2758       2791       2818       2823       2784 
];
router02=[         0          0          0          0          0          0          0          0          0          0          0          0 
         0          0          0          0          0          0          0          0          0          0          0          0 
      5569       5627       5518       5632       5574       5622       5519       5611       5567       5537       5510       5590 
         0          0          0          0          0          0          0          0          0          0          0          0 
      2660       2756       2755       2707       2778       2697       2737       2776       2776       2781       2790       2755 
];
router03=[         0          0          0          0          0          0          0          0          0          0          0          0 
         0          0          0          0          0          0          0          0          0          0          0          0 
      2800       2783       2800       2801       2743       2786       2777       2697       2783       2713       2740       2793 
         0          0          0          0          0          0          0          0          0          0          0          0 
      2775       2730       2779       2708       2697       2814       2699       2808       2820       2782       2844       2766 
];
router04=[         0          0          0          0          0          0          0          0          0          0          0          0 
      6412       6548       6328       6282       6357       6334       6324       6372       6160       6501       6328       6746 
         0          0          0          0          0          0          0          0          0          0          0          0 
      2742       2824       2731       2836       2720       2856       2724       2842       2721       2840       2724       2834 
      3144       3213       3285       3207       3177       3448       3287       3320       3178       3375       3222       3200 
];
router05=[      2834       2741       2825       2747       2829       2723       2842       2727       2846       2724       2839       2717 
      5524       5596       5501       5589       5500       5630       5517       5565       5537       5561       5523       5594 
         0          0          0          0          0          0          0          0          0          0          0          0 
         0          0          0          0          0          0          0          0          0          0          0          0 
         0          0          0          0          0          0          0          0          0          0          0          0 
];
router06=[      2725       2798       2722       2792       2745       2778       2729       2774       2722       2794       2725       2772 
         0          0          0          0          0          0          0          0          0          0          0          0 
      5445       5677       5459       5623       5483       5618       5459       5648       5486       5659       5432       5648 
         0          0          0          0          0          0          0          0          0          0          0          0 
      2822       2800       2762       2774       2723       2856       2807       2706       2778       2709       2816       2698 
];
router07=[      3257       3450       3255       3222       3260       3155       3260       3494       3482       3247       3264       3331 
         0          0          0          0          0          0          0          0          0          0          0          0 
      2786       2769       2768       2796       2760       2814       2788       2794       2747       2737       2792       2762 
         0          0          0          0          0          0          0          0          0          0          0          0 
      3198       2982       3150       3179       2973       2983       3230       2972       3073       3016       2989       3243 
];
router08=[         0          0          0          0          0          0          0          0          0          0          0          0 
      2997       3002       2877       2979       2949       2883       2957       2840       2966       2903       2993       3061 
         0          0          0          0          0          0          0          0          0          0          0          0 
      2764       2750       2762       2791       2730       2810       2729       2663       2676       2714       2770       2809 
      2864       2854       2982       2919       2921       2917       2967       2984       2866       3000       3029       2996 
];
router09=[         0          0          0          0          0          0          0          0          0          0          0          0 
      2726       2827       2747       2823       2739       2822       2746       2824       2735       2803       2748       2825 
         0          0          0          0          0          0          0          0          0          0          0          0 
      5426       5588       5441       5588       5460       5577       5480       5586       5456       5572       5472       5573 
      2841       2825       2748       2757       2847       2806       2761       2737       2736       2762       2770       2802 
];
router10=[      5485       5525       5524       5525       5507       5502       5516       5557       5494       5529       5522       5533 
      2754       2763       2767       2769       2759       2763       2746       2759       2759       2758       2755       2766 
         0          0          0          0          0          0          0          0          0          0          0          0 
         0          0          0          0          0          0          0          0          0          0          0          0 
         0          0          0          0          0          0          0          0          0          0          0          0 
];
