router00=[         0          0          0          0          0          0          0          0          0          0          0          0 
     10711      10820      10697      10792      10687      10769      10752      10772      10820      10731      10794      10746 
         0          0          0          0          0          0          0          0          0          0          0          0 
         0          0          0          0          0          0          0          0          0          0          0          0 
         0          0          0          0          0          0          0          0          0          0          0          0 
];
router01=[         0          0          0          0          0          0          0          0          0          0          0          0 
         0          0          0          0          0          0          0          0          0          0          0          0 
     10543      10531      10552      10573      10553      10444      10477      10526      10527      10479      10601      10419 
         0          0          0          0          0          0          0          0          0          0          0          0 
      3540       3593       3510       3431       3498       3711       3516       3583       3694       3481       3545       3509 
];
router02=[         0          0          0          0          0          0          0          0          0          0          0          0 
         0          0          0          0          0          0          0          0          0          0          0          0 
      6934       6997       6961       6959       6935       6971       7026       6973       6975       6983       6987       6960 
         0          0          0          0          0          0          0          0          0          0          0          0 
      3528       3424       3508       3580       3545       3611       3599       3446       3469       3623       3479       3501 
];
router03=[         0          0          0          0          0          0          0          0          0          0          0          0 
         0          0          0          0          0          0          0          0          0          0          0          0 
      3487       3601       3536       3572       3498       3536       3476       3505       3528       3538       3540       3547 
         0          0          0          0          0          0          0          0          0          0          0          0 
      3386       3444       3423       3405       3518       3470       3380       3406       3484       3355       3510       3440 
];
router04=[         0          0          0          0          0          0          0          0          0          0          0          0 
     71685      73483      75614      75634      74600      73628      72867      73070      73557      73727      74224      74780 
         0          0          0          0          0          0          0          0          0          0          0          0 
      3553       3540       3565       3545       3548       3575       3529       3556       3560       3528       3580       3532 
     30959      31239      31230      29442      31075      29694      30337      27832      30812      31134      30410      30141 
];
router05=[      3548       3560       3543       3583       3529       3575       3542       3563       3541       3542       3533       3552 
      6949       7137       6968       7171       6972       7120       6997       7099       6972       7103       6985       7126 
         0          0          0          0          0          0          0          0          0          0          0          0 
         0          0          0          0          0          0          0          0          0          0          0          0 
         0          0          0          0          0          0          0          0          0          0          0          0 
];
router06=[      3598       3459       3645       3449       3588       3515       3609       3469       3610       3483       3621       3474 
         0          0          0          0          0          0          0          0          0          0          0          0 
      7109       7013       7058       7045       7041       7035       7110       6957       7136       7001       7102       6992 
         0          0          0          0          0          0          0          0          0          0          0          0 
      3571       3565       3486       3612       3609       3641       3526       3527       3579       3461       3571       3513 
];
router07=[     31948      32298      33612      31501      30826      30880      31182      31894      31128      31971      31134      32045 
         0          0          0          0          0          0          0          0          0          0          0          0 
      3527       3600       3551       3492       3549       3504       3517       3558       3534       3495       3530       3583 
         0          0          0          0          0          0          0          0          0          0          0          0 
     19676      19627      19409      19424      19560      19634      18735      19979      18860      19526      18581      18759 
];
router08=[         0          0          0          0          0          0          0          0          0          0          0          0 
     19358      18964      18822      18985      19325      19322      19753      19445      18547      19884      18485      19819 
         0          0          0          0          0          0          0          0          0          0          0          0 
      3505       3619       3542       3551       3570       3575       3416       3533       3467       3605       3415       3515 
     12809      13447      13298      13583      13683      13760      13661      13706      13814      13500      13563      13398 
];
router09=[         0          0          0          0          0          0          0          0          0          0          0          0 
      3519       3593       3505       3566       3547       3545       3580       3519       3556       3544       3539       3556 
         0          0          0          0          0          0          0          0          0          0          0          0 
      7069       7093       7058       7102       7073       7086       7080       7053       7043       7136       7037       7144 
      3509       3595       3550       3505       3499       3509       3529       3586       3474       3550       3428       3551 
];
router10=[      7074       7114       7078       7086       7150       7028       7039       7100       7074       7083       7095       7053 
      3583       3516       3557       3520       3566       3514       3569       3504       3592       3483       3601       3483 
         0          0          0          0          0          0          0          0          0          0          0          0 
         0          0          0          0          0          0          0          0          0          0          0          0 
         0          0          0          0          0          0          0          0          0          0          0          0 
];
