router00=[         0          0          0          0          0          0          0          0          0          0          0          0 
      7556       7523       7535       7534       7533       7577       7546       7593       7590       7558       7535       7547 
         0          0          0          0          0          0          0          0          0          0          0          0 
         0          0          0          0          0          0          0          0          0          0          0          0 
         0          0          0          0          0          0          0          0          0          0          0          0 
];
router01=[         0          0          0          0          0          0          0          0          0          0          0          0 
         0          0          0          0          0          0          0          0          0          0          0          0 
      7524       7547       7540       7563       7524       7597       7510       7527       7564       7565       7573       7579 
         0          0          0          0          0          0          0          0          0          0          0          0 
      2484       2527       2537       2562       2588       2546       2519       2477       2560       2497       2624       2530 
];
router02=[         0          0          0          0          0          0          0          0          0          0          0          0 
         0          0          0          0          0          0          0          0          0          0          0          0 
      5004       4925       5008       5071       5017       4958       5038       5020       5184       4992       5069       4983 
         0          0          0          0          0          0          0          0          0          0          0          0 
      2465       2571       2517       2503       2536       2577       2440       2548       2566       2552       2467       2647 
];
router03=[         0          0          0          0          0          0          0          0          0          0          0          0 
         0          0          0          0          0          0          0          0          0          0          0          0 
      2461       2531       2528       2573       2460       2438       2545       2547       2492       2490       2452       2471 
         0          0          0          0          0          0          0          0          0          0          0          0 
      2494       2573       2505       2472       2577       2565       2572       2545       2457       2525       2566       2501 
];
router04=[         0          0          0          0          0          0          0          0          0          0          0          0 
      5139       5184       5179       5270       5215       5274       5265       5218       5171       5242       5161       5192 
         0          0          0          0          0          0          0          0          0          0          0          0 
      2491       2601       2486       2595       2481       2592       2480       2587       2488       2580       2498       2572 
      2695       2689       2597       2553       2635       2715       2581       2574       2636       2553       2748       2629 
];
router05=[      2483       2599       2484       2595       2499       2577       2499       2571       2479       2601       2471       2593 
      5045       5133       4984       5167       5000       5132       5035       5074       5066       5065       5061       5061 
         0          0          0          0          0          0          0          0          0          0          0          0 
         0          0          0          0          0          0          0          0          0          0          0          0 
         0          0          0          0          0          0          0          0          0          0          0          0 
];
router06=[      2514       2586       2499       2572       2523       2561       2500       2579       2506       2548       2512       2585 
         0          0          0          0          0          0          0          0          0          0          0          0 
      5042       5088       5075       5042       5100       5066       5055       5116       5042       5084       5052       5061 
         0          0          0          0          0          0          0          0          0          0          0          0 
      2526       2527       2550       2445       2502       2550       2526       2571       2535       2483       2573       2575 
];
router07=[      2577       2640       2571       2643       2596       2692       2543       2639       2632       2626       2792       2622 
         0          0          0          0          0          0          0          0          0          0          0          0 
      2513       2511       2556       2472       2574       2507       2543       2491       2559       2452       2596       2539 
         0          0          0          0          0          0          0          0          0          0          0          0 
      2515       2598       2676       2531       2576       2606       2695       2552       2614       2523       2559       2450 
];
router08=[         0          0          0          0          0          0          0          0          0          0          0          0 
      2563       2527       2583       2474       2550       2483       2569       2493       2609       2491       2539       2498 
         0          0          0          0          0          0          0          0          0          0          0          0 
      2515       2486       2551       2531       2527       2527       2524       2557       2526       2480       2585       2580 
      2586       2540       2605       2494       2489       2633       2457       2564       2482       2601       2669       2576 
];
router09=[         0          0          0          0          0          0          0          0          0          0          0          0 
      2454       2614       2446       2599       2458       2593       2479       2583       2482       2583       2472       2594 
         0          0          0          0          0          0          0          0          0          0          0          0 
      5133       5005       5159       5015       5074       5036       5090       5038       5070       5022       5119       4991 
      2649       2556       2544       2583       2581       2538       2552       2415       2464       2575       2546       2548 
];
router10=[      5054       5050       5071       5061       5075       5048       5080       5068       5061       5061       5061       5062 
      2518       2502       2525       2493       2525       2482       2533       2471       2536       2485       2513       2494 
         0          0          0          0          0          0          0          0          0          0          0          0 
         0          0          0          0          0          0          0          0          0          0          0          0 
         0          0          0          0          0          0          0          0          0          0          0          0 
];
