router00=[         0          0          0          0          0          0          0          0          0          0          0          0 
      9713       9716       9783       9658       9647       9674       9703       9663       9706       9621       9683       9647 
         0          0          0          0          0          0          0          0          0          0          0          0 
         0          0          0          0          0          0          0          0          0          0          0          0 
         0          0          0          0          0          0          0          0          0          0          0          0 
];
router01=[         0          0          0          0          0          0          0          0          0          0          0          0 
         0          0          0          0          0          0          0          0          0          0          0          0 
      9550       9683       9532       9625       9551       9663       9645       9623       9674       9662       9574       9635 
         0          0          0          0          0          0          0          0          0          0          0          0 
      3170       3187       3172       3251       3198       3296       3221       3210       3158       3341       3221       3214 
];
router02=[         0          0          0          0          0          0          0          0          0          0          0          0 
         0          0          0          0          0          0          0          0          0          0          0          0 
      6447       6364       6370       6472       6428       6448       6375       6429       6358       6445       6369       6464 
         0          0          0          0          0          0          0          0          0          0          0          0 
      3133       3087       3236       3274       3121       3151       3186       3112       3315       3131       3187       3201 
];
router03=[         0          0          0          0          0          0          0          0          0          0          0          0 
         0          0          0          0          0          0          0          0          0          0          0          0 
      3131       3182       3180       3210       3224       3236       3201       3202       3199       3309       3182       3243 
         0          0          0          0          0          0          0          0          0          0          0          0 
      3232       3256       3136       3172       3130       3163       3232       3166       3253       3227       3249       3268 
];
router04=[         0          0          0          0          0          0          0          0          0          0          0          0 
     17671      17787      18319      18391      17629      17696      17538      17682      17836      17551      16943      18494 
         0          0          0          0          0          0          0          0          0          0          0          0 
      3209       3228       3230       3219       3216       3223       3213       3229       3205       3231       3202       3234 
      8492       9006       9494       8974       9177       8873       8680       8842       9074       8693       9170       9225 
];
router05=[      3239       3216       3232       3193       3244       3205       3236       3204       3229       3205       3238       3198 
      6455       6332       6432       6358       6404       6364       6414       6392       6370       6360       6414       6368 
         0          0          0          0          0          0          0          0          0          0          0          0 
         0          0          0          0          0          0          0          0          0          0          0          0 
         0          0          0          0          0          0          0          0          0          0          0          0 
];
router06=[      3231       3160       3210       3187       3208       3181       3215       3155       3224       3164       3199       3134 
         0          0          0          0          0          0          0          0          0          0          0          0 
      6334       6448       6314       6496       6297       6457       6319       6439       6331       6440       6321       6467 
         0          0          0          0          0          0          0          0          0          0          0          0 
      3222       3166       3231       3289       3142       3259       3191       3194       3284       3141       3270       3112 
];
router07=[      9335       9025      10238       9249       9050       9384       9809      10500      10695      10643       9809       9972 
         0          0          0          0          0          0          0          0          0          0          0          0 
      3176       3262       3185       3154       3216       3232       3260       3185       3165       3156       3169       3168 
         0          0          0          0          0          0          0          0          0          0          0          0 
      7061       6658       6678       6771       6401       6975       6833       7011       6913       7010       6686       6869 
];
router08=[         0          0          0          0          0          0          0          0          0          0          0          0 
      6277       6575       6601       6520       6685       6387       7051       7419       6650       7179       6858       6434 
         0          0          0          0          0          0          0          0          0          0          0          0 
      3121       3202       3149       3170       3151       3175       3145       3223       3146       3245       3220       3187 
      5253       5749       5570       5177       5833       5366       5479       5560       5620       5383       5420       5409 
];
router09=[         0          0          0          0          0          0          0          0          0          0          0          0 
      3139       3256       3146       3248       3148       3262       3152       3246       3138       3257       3156       3260 
         0          0          0          0          0          0          0          0          0          0          0          0 
      6439       6379       6373       6417       6377       6379       6381       6395       6407       6339       6427       6322 
      3185       3244       3119       3210       3265       3223       3151       3253       3198       3106       3189       3267 
];
router10=[      6389       6390       6390       6405       6399       6342       6429       6348       6451       6311       6426       6355 
      3161       3222       3160       3234       3134       3238       3136       3233       3142       3230       3149       3216 
         0          0          0          0          0          0          0          0          0          0          0          0 
         0          0          0          0          0          0          0          0          0          0          0          0 
         0          0          0          0          0          0          0          0          0          0          0          0 
];
