router00=[         0          0          0          0          0          0          0          0          0          0          0          0 
      5063       5087       5107       5013       5109       5014       5071       5061       5041       5062       5069       5065 
         0          0          0          0          0          0          0          0          0          0          0          0 
         0          0          0          0          0          0          0          0          0          0          0          0 
         0          0          0          0          0          0          0          0          0          0          0          0 
];
router01=[         0          0          0          0          0          0          0          0          0          0          0          0 
         0          0          0          0          0          0          0          0          0          0          0          0 
      5102       5033       5100       5029       5108       5032       5076       5059       5071       5024       5080       5048 
         0          0          0          0          0          0          0          0          0          0          0          0 
      1741       1689       1728       1689       1679       1676       1684       1688       1681       1654       1714       1704 
];
router02=[         0          0          0          0          0          0          0          0          0          0          0          0 
         0          0          0          0          0          0          0          0          0          0          0          0 
      3365       3441       3380       3363       3428       3341       3386       3390       3339       3329       3335       3360 
         0          0          0          0          0          0          0          0          0          0          0          0 
      1623       1666       1634       1698       1686       1735       1632       1692       1669       1725       1737       1657 
];
router03=[         0          0          0          0          0          0          0          0          0          0          0          0 
         0          0          0          0          0          0          0          0          0          0          0          0 
      1688       1713       1684       1624       1683       1671       1698       1707       1750       1657       1731       1681 
         0          0          0          0          0          0          0          0          0          0          0          0 
      1682       1603       1726       1641       1656       1749       1716       1672       1690       1662       1710       1650 
];
router04=[         0          0          0          0          0          0          0          0          0          0          0          0 
      3403       3350       3404       3346       3389       3374       3388       3379       3378       3370       3371       3364 
         0          0          0          0          0          0          0          0          0          0          0          0 
      1670       1712       1676       1714       1684       1706       1678       1716       1672       1715       1673       1711 
      1673       1682       1648       1732       1735       1661       1650       1704       1658       1729       1744       1726 
];
router05=[      1762       1628       1758       1636       1757       1638       1754       1633       1756       1623       1753       1629 
      3340       3374       3361       3369       3360       3355       3352       3371       3347       3341       3344       3353 
         0          0          0          0          0          0          0          0          0          0          0          0 
         0          0          0          0          0          0          0          0          0          0          0          0 
         0          0          0          0          0          0          0          0          0          0          0          0 
];
router06=[      1735       1629       1737       1629       1726       1643       1718       1642       1735       1627       1734       1631 
         0          0          0          0          0          0          0          0          0          0          0          0 
      3377       3349       3377       3354       3369       3336       3361       3343       3361       3329       3389       3322 
         0          0          0          0          0          0          0          0          0          0          0          0 
      1649       1717       1701       1689       1775       1649       1774       1716       1738       1671       1696       1651 
];
router07=[      1676       1681       1681       1685       1698       1669       1697       1667       1693       1682       1671       1692 
         0          0          0          0          0          0          0          0          0          0          0          0 
      1719       1670       1661       1668       1649       1723       1589       1668       1664       1672       1669       1734 
         0          0          0          0          0          0          0          0          0          0          0          0 
      1688       1712       1666       1708       1676       1705       1715       1687       1663       1628       1695       1652 
];
router08=[         0          0          0          0          0          0          0          0          0          0          0          0 
      1705       1674       1707       1685       1706       1679       1707       1673       1709       1674       1707       1678 
         0          0          0          0          0          0          0          0          0          0          0          0 
      1688       1716       1695       1660       1645       1710       1662       1673       1685       1683       1681       1656 
      1746       1657       1662       1655       1634       1673       1693       1725       1726       1615       1690       1713 
];
router09=[         0          0          0          0          0          0          0          0          0          0          0          0 
      1642       1718       1641       1703       1653       1700       1646       1704       1643       1707       1640       1708 
         0          0          0          0          0          0          0          0          0          0          0          0 
      3435       3338       3439       3325       3445       3327       3442       3318       3456       3303       3434       3318 
      1655       1781       1697       1681       1660       1677       1730       1623       1666       1691       1669       1665 
];
router10=[      3422       3355       3432       3349       3402       3370       3403       3343       3416       3345       3419       3324 
      1695       1666       1697       1654       1706       1648       1705       1651       1695       1652       1698       1649 
         0          0          0          0          0          0          0          0          0          0          0          0 
         0          0          0          0          0          0          0          0          0          0          0          0 
         0          0          0          0          0          0          0          0          0          0          0          0 
];
