router00=[         0          0          0          0          0          0          0          0          0          0          0          0 
      9157       9066       9121       9041       9139       9077       9104       9054       9131       9151       9181       9136 
         0          0          0          0          0          0          0          0          0          0          0          0 
         0          0          0          0          0          0          0          0          0          0          0          0 
         0          0          0          0          0          0          0          0          0          0          0          0 
];
router01=[         0          0          0          0          0          0          0          0          0          0          0          0 
         0          0          0          0          0          0          0          0          0          0          0          0 
      9013       9077       9066       9137       9104       9101       9076       9062       9137       9045       9133       9109 
         0          0          0          0          0          0          0          0          0          0          0          0 
      2997       2974       3130       2957       3052       3061       3004       3090       2961       3082       3100       2969 
];
router02=[         0          0          0          0          0          0          0          0          0          0          0          0 
         0          0          0          0          0          0          0          0          0          0          0          0 
      6032       6105       6090       6069       6120       5997       6010       6057       6050       6008       6087       6105 
         0          0          0          0          0          0          0          0          0          0          0          0 
      3045       3050       3141       2995       2941       3027       3038       3173       3008       2929       3024       3061 
];
router03=[         0          0          0          0          0          0          0          0          0          0          0          0 
         0          0          0          0          0          0          0          0          0          0          0          0 
      3014       3007       3046       3030       3072       3013       3001       3006       3056       2993       3063       3031 
         0          0          0          0          0          0          0          0          0          0          0          0 
      3003       3020       3069       2990       3006       3029       3012       3012       3073       3083       3052       3022 
];
router04=[         0          0          0          0          0          0          0          0          0          0          0          0 
      9865       9841      10110      10193       9688       9726       9827      10034       9670       9743       9879       9877 
         0          0          0          0          0          0          0          0          0          0          0          0 
      3036       3033       3023       3035       3044       3029       3033       3033       3018       3031       3035       3027 
      5157       4927       5593       5138       4911       5273       4966       4863       5479       5104       5021       5179 
];
router05=[      2997       3051       3028       3035       3016       3057       3010       3062       2994       3068       3002       3057 
      6034       6096       6036       6107       5994       6109       5964       6098       6006       6076       6040       6094 
         0          0          0          0          0          0          0          0          0          0          0          0 
         0          0          0          0          0          0          0          0          0          0          0          0 
         0          0          0          0          0          0          0          0          0          0          0          0 
];
router06=[      2991       3085       3007       3089       3025       3097       3011       3092       2983       3086       2997       3097 
         0          0          0          0          0          0          0          0          0          0          0          0 
      6084       6026       6070       6073       6032       6059       6026       6073       6020       6072       6057       6062 
         0          0          0          0          0          0          0          0          0          0          0          0 
      3106       3062       2971       3064       3016       3095       2971       2977       3063       3023       3026       3032 
];
router07=[      5994       5655       5976       5937       5980       6082       5987       5972       5323       5049       5585       6292 
         0          0          0          0          0          0          0          0          0          0          0          0 
      2942       3070       3008       3026       2967       3056       3009       3014       3066       3097       3030       3074 
         0          0          0          0          0          0          0          0          0          0          0          0 
      4462       4557       4499       4285       4855       4405       4572       4716       4738       4696       4752       4556 
];
router08=[         0          0          0          0          0          0          0          0          0          0          0          0 
      4083       4064       4246       4348       4252       4266       4108       4306       3758       4054       4127       4421 
         0          0          0          0          0          0          0          0          0          0          0          0 
      3032       3084       3063       3044       3007       3022       3055       3046       3033       3044       3032       2970 
      3669       3788       3851       3854       3709       3597       3740       3698       3885       3565       3909       3817 
];
router09=[         0          0          0          0          0          0          0          0          0          0          0          0 
      3012       3051       3032       3048       3027       3041       3030       3044       3022       3055       3009       3061 
         0          0          0          0          0          0          0          0          0          0          0          0 
      6110       6040       6138       6074       6080       6062       6043       6069       6046       6060       6067       6049 
      3020       3075       3058       2994       3046       3025       2975       3053       3031       3042       3011       3032 
];
router10=[      6056       6090       6094       6065       6078       6075       6024       6120       6012       6122       5997       6105 
      2981       3086       2960       3096       2960       3092       2966       3083       2982       3065       2990       3059 
         0          0          0          0          0          0          0          0          0          0          0          0 
         0          0          0          0          0          0          0          0          0          0          0          0 
         0          0          0          0          0          0          0          0          0          0          0          0 
];
