router00=[         0          0          0          0          0          0          0          0          0          0          0          0 
      9310       9359       9348       9397       9371       9411       9355       9367       9419       9406       9351       9477 
         0          0          0          0          0          0          0          0          0          0          0          0 
         0          0          0          0          0          0          0          0          0          0          0          0 
         0          0          0          0          0          0          0          0          0          0          0          0 
];
router01=[         0          0          0          0          0          0          0          0          0          0          0          0 
         0          0          0          0          0          0          0          0          0          0          0          0 
      9280       9363       9346       9335       9406       9252       9365       9329       9305       9284       9425       9380 
         0          0          0          0          0          0          0          0          0          0          0          0 
      3056       3118       3122       3176       3127       3117       3116       3104       3080       3201       3141       3059 
];
router02=[         0          0          0          0          0          0          0          0          0          0          0          0 
         0          0          0          0          0          0          0          0          0          0          0          0 
      6173       6101       6214       6227       6155       6353       6304       6272       6263       6235       6227       6272 
         0          0          0          0          0          0          0          0          0          0          0          0 
      3103       3035       3191       3085       3028       3017       3077       3146       3161       3074       3054       3171 
];
router03=[         0          0          0          0          0          0          0          0          0          0          0          0 
         0          0          0          0          0          0          0          0          0          0          0          0 
      3156       3081       3140       3090       3113       3188       3150       3146       3121       3083       3129       3096 
         0          0          0          0          0          0          0          0          0          0          0          0 
      3206       3096       3046       3076       3105       3226       3092       3081       3071       3132       3123       3113 
];
router04=[         0          0          0          0          0          0          0          0          0          0          0          0 
     13580      13560      13281      12636      13229      13164      12962      12677      12561      12730      12902      12852 
         0          0          0          0          0          0          0          0          0          0          0          0 
      3133       3123       3123       3122       3116       3113       3115       3123       3107       3128       3103       3111 
      6661       6193       6648       6212       6535       6771       6199       6690       7123       7271       6675       7361 
];
router05=[      3114       3120       3130       3104       3131       3115       3110       3126       3099       3141       3098       3129 
      6243       6212       6210       6205       6238       6244       6247       6217       6248       6201       6237       6195 
         0          0          0          0          0          0          0          0          0          0          0          0 
         0          0          0          0          0          0          0          0          0          0          0          0 
         0          0          0          0          0          0          0          0          0          0          0          0 
];
router06=[      3101       3115       3111       3124       3106       3116       3099       3116       3102       3100       3104       3097 
         0          0          0          0          0          0          0          0          0          0          0          0 
      6238       6216       6238       6201       6244       6198       6256       6215       6240       6211       6230       6210 
         0          0          0          0          0          0          0          0          0          0          0          0 
      3135       3114       3108       3120       3103       3182       3136       3096       3140       3088       3101       3072 
];
router07=[      7780       7799       7506       7799       7403       7374       7878       7897       7498       7917       7142       7632 
         0          0          0          0          0          0          0          0          0          0          0          0 
      3113       3178       3084       3162       3123       3144       3195       3027       3129       3049       3159       3125 
         0          0          0          0          0          0          0          0          0          0          0          0 
      5595       5588       5571       5075       5425       5593       5601       5508       5751       5744       5786       5401 
];
router08=[         0          0          0          0          0          0          0          0          0          0          0          0 
      5179       5485       5518       5257       4907       5048       5389       5051       5235       5169       4982       5411 
         0          0          0          0          0          0          0          0          0          0          0          0 
      3088       3163       3026       3110       3074       3166       3043       3089       3078       3134       3102       3069 
      4479       4528       4905       4363       4327       4408       4304       4767       4491       4599       4443       4824 
];
router09=[         0          0          0          0          0          0          0          0          0          0          0          0 
      3090       3163       3102       3159       3096       3166       3086       3181       3091       3157       3098       3168 
         0          0          0          0          0          0          0          0          0          0          0          0 
      6235       6221       6206       6218       6213       6216       6198       6206       6251       6176       6248       6149 
      3130       3220       3081       3130       3051       3131       3080       3121       3062       3101       3075       3082 
];
router10=[      6244       6212       6245       6181       6251       6157       6233       6257       6185       6194       6207       6171 
      3011       3208       3034       3209       3027       3201       3020       3221       3003       3238       3003       3232 
         0          0          0          0          0          0          0          0          0          0          0          0 
         0          0          0          0          0          0          0          0          0          0          0          0 
         0          0          0          0          0          0          0          0          0          0          0          0 
];
